GF64M1
103 28
0 0 0 0 1 0 1 1 1 1 1 1 1 0 0 0 0 1 0 1 1 0 0 0 0 0 0 0 
28 9 51 13 19 48 54 39 11 55 39 28 54 53 42 35 52 3 38 36 0 41 55 19 1 20 19 47 
31 2 57 18 9 60 40 37 6 41 37 31 40 45 55 53 44 5 36 32 0 50 41 9 1 28 9 38 
55 54 18 5 47 60 48 7 24 27 48 51 25 56 57 22 63 40 30 49 0 57 25 45 55 7 50 0 
26 4 62 8 2 47 51 33 20 50 33 26 51 34 41 45 35 17 32 48 0 56 50 2 1 31 2 36 
26 3 63 8 35 8 9 44 21 40 35 24 39 38 21 34 54 13 30 5 0 53 37 35 15 14 31 0 
41 40 8 17 38 47 60 21 15 10 60 57 14 63 62 24 42 51 27 61 0 62 14 34 41 21 56 0 
6 10 50 51 13 3 12 62 56 18 0 36 29 51 60 22 20 27 48 60 0 35 60 7 62 26 29 0 
11 16 43 3 4 38 57 49 28 56 49 11 57 52 50 34 53 13 48 60 0 63 56 4 1 26 4 32 
3 35 60 17 13 62 62 18 32 57 12 17 38 54 56 40 14 19 44 0 0 44 25 39 25 21 61 0 
11 5 42 3 53 3 2 35 29 51 53 15 37 36 29 52 40 18 27 17 0 45 33 53 22 23 26 0 
52 33 15 32 11 56 54 11 41 14 51 25 37 17 20 6 27 35 28 58 0 0 31 22 61 58 42 0 
50 51 3 13 36 38 47 29 22 7 47 62 23 42 43 15 55 57 10 46 0 43 23 52 50 29 63 0 
35 24 18 33 54 12 53 45 0 14 37 4 31 3 4 1 17 1 54 3 0 47 14 4 48 1 33 0 
20 7 56 57 18 5 19 43 63 8 0 32 30 57 47 24 28 10 60 47 0 53 47 21 43 11 30 0 
15 33 6 57 54 32 33 23 60 40 9 19 19 62 43 21 53 52 30 38 0 26 7 22 54 13 4 0 
6 12 54 5 16 36 62 61 31 63 61 6 62 44 56 52 45 18 60 47 0 42 63 16 1 11 16 48 
24 2 46 5 9 28 34 29 34 52 55 35 37 45 25 29 48 11 9 4 0 27 46 49 15 63 48 0 
5 53 47 13 18 43 43 8 48 62 19 13 36 40 63 51 23 9 35 0 0 35 14 37 14 29 46 0 
28 25 44 58 8 29 19 56 63 22 39 35 59 25 37 24 17 35 40 57 0 1 22 47 18 35 34 0 
6 17 55 5 45 5 4 53 30 57 45 22 33 32 30 44 51 8 10 13 0 34 49 45 24 25 11 0 
57 13 44 14 0 28 58 51 16 10 58 47 25 30 42 16 20 44 40 34 0 53 9 50 63 32 7 0 
44 49 22 48 6 63 40 6 50 23 57 14 33 13 28 20 10 53 31 59 0 0 26 24 46 59 55 0 
58 7 44 22 18 61 27 62 27 21 33 36 28 45 5 50 61 29 60 20 0 56 58 61 63 31 51 0 
56 57 5 18 32 36 38 30 24 21 38 43 25 55 54 22 41 62 7 39 0 54 25 44 56 30 42 0 
11 62 63 51 50 10 17 24 27 62 25 22 4 0 53 2 53 58 28 12 0 21 10 38 12 29 16 0 
53 15 8 49 40 19 45 34 0 23 33 16 26 5 16 1 13 1 40 5 0 38 23 16 60 1 49 0 
28 60 47 56 52 47 53 16 5 22 2 41 39 22 6 35 18 19 26 59 0 25 41 51 60 38 21 0 
28 21 63 62 8 17 9 54 42 3 0 48 27 62 38 15 31 7 47 38 0 45 38 29 54 6 27 0 
33 14 3 10 8 62 63 46 15 36 58 2 25 54 37 60 27 26 3 11 0 25 14 6 16 16 17 0 
22 49 20 62 40 48 49 25 47 51 2 9 9 43 54 29 45 44 27 36 0 11 21 24 40 18 16 0 
58 53 50 23 49 43 6 48 44 34 58 3 54 19 55 29 23 38 51 13 0 9 12 49 29 4 46 0 
20 19 40 17 12 32 43 46 26 42 46 20 43 35 63 44 34 8 47 38 0 55 42 12 1 6 12 60 
10 8 48 49 0 22 22 7 29 59 38 23 52 19 62 13 38 62 22 4 0 53 0 20 11 2 47 0 
15 4 39 17 2 31 52 30 52 44 41 53 33 34 14 30 60 6 2 16 0 10 39 61 22 42 60 0 
45 25 3 43 2 20 24 23 2 45 15 57 15 58 60 5 27 44 19 17 0 6 18 27 17 24 23 0 
17 45 38 18 8 54 54 3 60 43 9 18 32 51 42 57 25 2 53 0 0 53 23 33 23 30 39 0 
7 35 17 0 49 37 51 29 1 56 58 35 63 40 20 12 7 26 12 55 0 55 56 6 37 12 21 0 
31 14 35 59 3 30 9 63 42 24 37 53 58 14 33 15 13 53 51 62 0 1 24 38 8 53 52 0 
3 27 1 28 34 37 31 22 24 14 20 37 35 37 57 1 11 51 32 0 0 50 12 32 30 53 26 0 
20 13 41 17 34 17 16 45 27 62 34 24 49 48 27 35 57 3 7 18 0 52 61 34 15 14 6 0 
50 43 21 8 33 55 11 52 53 48 27 45 47 57 63 53 17 50 24 36 0 38 30 50 62 3 51 0 
62 18 35 23 0 31 59 57 12 7 59 38 14 27 55 12 28 35 51 52 0 45 2 56 42 48 21 0 
15 53 41 9 36 19 23 59 41 22 27 60 16 9 63 32 49 62 17 29 0 42 9 39 31 3 50 0 
35 61 24 60 20 42 51 20 56 25 62 23 49 18 31 28 7 45 26 58 0 0 11 15 39 58 41 0 
61 58 51 43 47 19 61 60 27 55 11 28 18 48 47 14 41 33 33 7 0 24 51 57 15 49 31 0 
59 21 35 24 8 46 10 43 10 29 49 32 31 34 17 56 46 30 47 28 0 63 59 46 42 26 57 0 
9 16 35 52 56 59 10 58 29 1 29 56 57 17 60 1 23 8 14 34 0 52 55 11 41 61 52 0 
63 62 17 8 48 32 36 27 15 29 36 54 14 41 40 24 50 43 21 37 0 40 14 35 63 27 55 0 
47 36 0 25 34 24 9 0 16 8 6 59 42 27 54 48 42 28 55 45 0 4 7 12 36 30 9 0 
6 43 42 57 56 7 13 15 10 43 14 24 16 0 45 4 45 59 31 19 0 29 7 36 19 30 12 0 
35 15 20 9 13 4 23 12 16 34 34 7 51 8 36 36 26 38 55 20 0 16 63 47 15 55 20 0 
45 22 3 61 51 9 34 52 0 25 49 12 11 17 12 1 18 1 51 17 0 36 25 12 47 1 61 0 
22 25 34 27 10 51 12 3 49 49 22 22 61 58 38 48 54 62 15 0 0 1 36 36 44 48 30 0 
31 47 38 63 44 38 45 12 17 24 4 50 37 24 20 53 8 9 11 58 0 14 50 57 47 36 29 0 
34 40 9 26 4 45 37 32 16 33 37 12 54 28 10 15 62 36 46 41 0 22 18 1 25 60 57 0 
31 29 42 43 3 13 2 40 55 5 0 60 10 43 36 22 26 21 38 36 0 34 36 30 40 20 10 0 
36 55 27 14 42 6 12 8 55 50 9 59 56 49 63 15 21 38 60 56 0 60 17 29 23 49 48 0 
49 23 5 7 3 43 42 39 22 32 59 4 14 40 33 47 10 11 5 6 0 14 23 20 12 12 13 0 
16 5 32 38 42 48 11 3 55 11 54 57 55 38 3 20 2 15 41 40 0 43 10 35 56 13 44 0 
24 61 28 43 51 60 61 14 38 57 4 2 2 54 40 30 34 35 10 32 0 6 29 15 51 8 12 0 
2 18 61 5 15 9 14 59 47 17 18 59 29 5 9 18 43 15 28 44 0 18 26 2 27 1 59 0 
59 45 56 25 61 54 20 60 35 52 59 5 40 9 41 30 25 36 57 18 0 2 19 61 30 16 39 0 
35 4 61 35 53 48 4 16 46 52 60 17 63 51 0 10 26 13 42 45 0 3 34 10 56 8 59 0 
28 9 51 13 19 48 54 39 11 55 39 28 54 53 42 35 52 3 38 36 0 41 55 19 1 20 19 47 
61 11 61 61 36 46 49 63 14 50 10 10 17 49 40 8 48 40 55 4 0 50 38 60 56 34 20 0 
7 3 60 61 0 24 24 21 30 58 36 25 44 9 43 18 36 43 24 16 0 45 0 28 6 4 38 0 
0 54 60 11 60 21 42 46 2 43 37 22 26 31 5 11 20 38 41 55 0 11 5 39 45 4 43 0 
22 16 37 13 4 26 44 27 44 35 50 45 49 52 23 27 47 20 4 12 0 7 37 46 24 55 47 0 
38 44 21 63 25 21 2 38 29 4 60 58 57 26 1 52 0 23 40 28 0 34 22 47 16 25 39 0 
34 14 5 54 4 28 15 25 4 34 22 62 22 59 47 17 10 35 9 13 0 20 8 10 13 15 25 0 
32 56 3 42 58 29 17 45 0 18 5 46 60 43 15 28 38 42 3 21 0 21 23 17 63 0 34 0 
13 34 36 8 3 40 40 5 47 54 2 8 48 57 55 62 14 4 45 0 0 45 25 49 25 27 37 0 
18 56 52 4 8 47 8 58 5 56 63 16 15 37 4 3 3 56 9 1 0 3 46 45 29 45 8 0 
21 53 13 0 61 33 57 30 1 63 59 53 42 51 28 19 21 11 19 41 0 41 63 20 33 19 29 0 
34 9 51 49 6 44 15 44 32 7 4 38 40 31 1 52 23 0 23 30 0 23 45 45 59 3 30 0 
26 23 53 58 5 27 2 42 55 15 33 45 59 23 49 22 18 45 57 43 0 1 15 36 3 45 44 0 
27 18 46 19 60 50 33 63 53 0 20 41 4 9 54 9 12 59 29 47 0 27 49 43 38 46 13 0 
5 10 1 31 52 33 26 24 15 23 28 33 53 33 62 1 6 57 48 0 0 56 19 48 27 45 11 0 
63 21 9 16 40 53 33 59 1 4 13 63 15 44 47 10 55 51 61 40 0 29 60 45 43 50 45 0 
28 18 50 13 52 13 12 34 10 43 52 15 61 60 10 53 62 5 21 8 0 44 46 52 22 23 20 0 
52 35 26 13 9 11 34 54 35 12 19 56 62 3 20 9 37 4 56 41 0 31 6 25 54 47 62 0 
56 54 29 3 49 41 6 44 45 60 10 34 38 62 42 45 13 56 15 32 0 36 27 56 43 5 57 0 
9 8 27 33 43 23 7 44 9 37 20 33 15 6 15 57 44 24 7 6 0 19 60 11 4 52 44 0 
43 8 53 25 0 26 58 62 19 21 58 36 23 10 41 19 31 53 57 44 0 34 4 63 55 60 29 0 
5 40 32 25 11 2 42 31 2 24 37 20 10 27 14 4 1 59 30 10 0 44 11 61 37 19 37 0 
22 45 50 2 32 9 25 58 50 24 10 47 12 2 42 48 61 43 13 30 0 55 2 37 26 5 56 0 
10 37 54 33 18 10 30 33 5 4 30 45 1 1 20 56 19 60 61 7 0 47 41 7 13 31 6 0 
53 46 15 47 28 55 57 28 63 14 43 25 61 8 26 31 21 34 11 59 0 0 6 22 37 59 50 0 
27 62 61 50 26 42 8 20 45 7 35 15 56 16 17 40 12 3 56 2 0 57 8 17 48 27 43 0 
46 59 57 54 38 9 46 47 10 41 6 31 8 60 38 23 50 49 49 21 0 15 57 62 22 61 26 0 
30 29 23 36 61 23 62 20 37 36 39 35 55 22 42 11 61 4 18 26 0 63 52 42 3 3 39 0 
58 29 53 15 3 39 7 54 7 30 61 48 26 52 13 63 39 27 38 31 0 42 58 39 55 11 62 0 
55 47 36 4 42 11 0 28 33 3 14 10 11 9 46 34 23 59 16 42 0 39 39 33 35 16 12 0 
2 12 53 44 63 58 7 59 30 1 30 63 62 13 47 1 25 3 23 52 0 44 41 6 50 46 44 0 
37 45 28 15 21 51 62 18 29 33 50 12 51 18 58 30 25 33 23 52 0 63 29 31 10 19 12 0 
42 43 13 3 60 48 32 10 22 30 32 40 23 50 51 15 56 54 29 33 0 51 23 53 42 10 41 0 
48 2 15 29 20 16 45 57 31 1 22 2 42 15 39 54 27 19 32 2 0 58 7 22 5 50 6 0 
38 32 0 14 52 15 2 0 12 3 20 58 55 10 40 60 55 31 41 34 0 16 21 19 32 27 2 0 
35 50 41 5 12 29 12 2 62 11 8 12 57 35 12 30 41 48 29 32 0 48 41 39 8 0 13 0 
20 54 55 62 63 21 18 22 7 54 23 15 12 0 34 16 34 58 26 9 0 30 21 32 9 27 19 0 
7 1 22 51 57 28 11 34 52 21 4 63 57 62 38 24 59 13 7 49 0 7 34 41 50 62 45 0 
53 22 28 2 18 16 25 19 12 52 52 21 57 3 32 32 11 36 41 28 0 12 42 38 22 41 28 0 
