GF64M1
378 64
34 62 0 0 0 0 0 0 0 0 0 0 0 0 0 0 0 0 0 0 0 0 0 0 0 0 0 11 0 0 0 13 3 6 3 55 0 50 6 25 0 50 0 6 19 3 35 0 2 22 0 11 42 56 53 0 19 8 0 35 62 40 0 28 
32 0 41 0 0 0 0 0 0 0 0 0 0 0 0 0 0 0 0 0 0 0 0 0 0 0 0 22 0 0 0 4 13 6 58 4 61 50 8 23 0 0 60 0 51 46 21 25 5 36 40 54 7 0 2 18 52 55 20 35 48 33 55 0 
25 0 0 50 0 0 0 0 0 0 0 0 0 0 0 0 0 0 0 0 0 0 0 0 0 0 0 50 0 0 18 43 36 0 31 41 61 0 33 57 0 27 60 0 6 12 45 25 7 32 40 15 38 56 24 18 47 43 0 35 63 12 0 0 
2 0 0 0 34 0 0 0 0 0 0 0 0 0 0 0 0 0 0 0 0 62 0 0 0 0 0 52 0 0 0 5 41 0 13 35 0 50 5 16 0 41 60 0 47 43 45 0 43 30 40 59 5 0 25 0 28 3 0 0 16 8 0 0 
26 0 0 0 0 38 0 0 0 0 0 0 0 0 0 0 0 0 0 0 0 0 0 0 0 0 0 56 0 0 18 59 5 6 13 43 0 0 18 61 0 52 0 0 13 38 62 0 52 15 40 58 59 0 25 18 54 59 20 0 47 55 0 0 
7 0 0 0 0 0 29 0 0 0 0 0 0 0 0 0 0 0 0 0 0 62 0 0 0 0 0 30 0 0 0 38 27 0 47 19 61 50 58 63 0 15 0 6 32 63 28 25 29 59 0 42 2 0 5 18 14 50 0 0 36 3 55 28 
41 0 0 0 0 0 0 62 0 0 0 0 0 0 0 0 0 0 0 0 0 62 0 0 0 0 0 33 0 0 18 59 53 6 47 56 61 0 27 5 0 24 0 6 61 16 0 0 52 40 40 43 8 0 28 18 52 61 0 35 24 19 0 28 
43 0 0 0 0 0 0 0 41 0 0 0 0 0 0 0 0 0 0 0 0 62 0 0 0 0 0 56 0 0 18 47 55 0 61 14 0 50 43 27 0 35 0 6 58 3 40 25 40 27 0 24 3 0 23 18 32 60 20 0 28 8 55 0 
20 0 0 0 0 0 0 0 0 26 0 0 0 0 0 0 0 0 0 0 0 62 0 0 0 0 0 5 0 0 18 8 7 0 0 35 0 0 63 51 0 0 60 6 32 47 40 25 50 48 40 49 30 0 1 18 5 55 20 0 34 10 55 0 
42 0 0 0 0 0 0 0 0 0 0 0 0 0 0 0 0 0 0 0 0 62 0 0 0 0 0 53 0 0 0 40 15 6 15 33 61 50 0 0 0 47 60 6 53 19 21 0 43 41 0 9 17 0 4 18 11 19 0 35 33 39 0 0 
37 0 0 0 0 0 0 0 0 0 0 51 0 0 0 0 0 0 0 0 0 62 0 0 0 0 0 2 0 0 0 20 1 0 4 47 0 50 18 1 0 42 0 6 56 5 41 0 18 37 0 28 48 56 42 0 21 11 20 0 26 50 0 0 
57 0 0 0 0 0 0 0 0 0 0 0 15 0 0 0 0 0 0 0 0 62 0 0 0 0 0 27 0 0 0 12 11 0 8 20 0 50 39 23 0 5 0 0 35 27 46 25 32 23 40 36 53 0 43 0 52 1 20 0 34 57 55 28 
36 0 0 0 0 0 0 0 0 0 0 0 0 31 0 0 0 0 0 0 0 0 0 0 0 0 0 39 0 0 0 24 12 0 53 25 0 0 58 8 0 34 0 6 43 2 36 25 44 40 0 35 9 0 13 0 14 59 20 0 48 23 0 28 
4 0 0 0 0 0 0 0 0 0 0 0 0 0 8 0 0 0 0 0 0 0 0 0 0 0 0 34 0 0 0 24 23 6 27 57 0 0 29 38 0 38 60 0 0 4 49 0 57 5 40 30 31 56 28 18 33 54 20 35 35 1 55 0 
28 0 0 0 0 0 0 0 0 0 0 0 0 0 0 18 0 0 0 0 0 0 0 0 0 0 0 52 0 0 18 40 28 6 58 12 0 50 10 52 0 40 0 6 4 27 3 0 41 13 40 2 20 0 38 18 29 16 20 35 19 29 55 0 
62 0 0 0 0 0 0 0 0 0 0 0 0 0 0 0 6 0 0 0 0 0 0 0 0 0 0 31 0 0 0 3 15 6 49 59 61 0 39 40 0 44 0 6 43 3 60 0 61 27 40 16 36 56 34 18 26 17 0 35 50 41 0 28 
46 0 0 0 0 0 0 0 0 0 0 0 0 0 0 0 0 9 0 0 0 62 0 0 0 0 0 10 0 0 0 43 34 0 59 35 0 0 42 60 0 45 60 6 45 32 31 0 12 20 0 61 32 0 8 0 6 63 0 0 9 53 0 0 
13 0 0 0 0 0 0 0 0 0 0 0 0 0 0 0 0 0 35 0 0 0 0 0 0 0 0 52 0 0 18 5 34 0 61 15 0 0 60 40 0 24 60 0 46 62 21 25 54 8 0 38 7 56 1 18 5 17 20 0 4 14 55 28 
9 0 0 0 0 0 0 0 0 0 0 0 0 0 0 0 0 0 0 58 0 62 0 0 0 0 0 63 0 0 0 49 8 6 10 59 0 0 4 62 0 10 60 0 25 25 17 25 12 56 40 9 34 0 54 0 2 34 0 35 11 6 0 28 
53 0 0 0 0 0 0 0 0 0 0 0 0 0 0 0 0 0 0 0 31 62 0 0 0 0 0 0 0 0 18 12 63 6 17 16 0 0 59 60 0 12 0 0 43 16 30 25 47 11 40 55 32 0 55 18 21 33 20 35 17 0 0 28 
60 0 0 0 0 0 0 0 0 0 0 0 0 0 0 0 0 0 0 0 0 0 24 0 0 0 0 4 0 0 18 29 60 0 47 38 61 0 43 33 0 47 0 0 24 40 53 0 19 38 40 41 60 56 28 18 14 48 0 0 56 53 55 0 
57 0 0 0 0 0 0 0 0 0 0 0 0 0 0 0 0 0 0 0 0 0 0 37 0 0 0 35 0 0 0 15 15 6 62 5 61 0 31 14 0 40 0 6 10 22 33 0 52 45 40 49 38 0 45 18 42 48 0 35 4 31 55 0 
32 0 0 0 0 0 0 0 0 0 0 0 0 0 0 0 0 0 0 0 0 0 0 0 1 0 0 44 0 0 18 56 31 6 59 59 0 50 54 54 0 25 60 6 24 34 27 25 7 14 0 26 34 0 32 0 43 7 0 35 14 63 55 0 
49 0 0 0 0 0 0 0 0 0 0 0 0 0 0 0 0 0 0 0 0 0 0 0 0 11 0 46 0 0 0 43 23 0 24 36 0 50 20 49 0 49 60 6 46 24 59 0 16 19 0 61 15 56 52 0 52 41 20 35 17 23 55 28 
43 0 0 0 0 0 0 0 0 0 0 0 0 0 0 0 0 0 0 0 0 0 0 0 0 0 47 31 0 0 18 60 15 6 40 9 61 50 63 56 0 4 0 0 4 30 32 0 54 59 0 35 24 56 31 18 26 63 0 0 61 28 55 28 
42 0 0 0 0 0 0 0 0 0 0 0 0 0 0 0 0 0 0 0 0 0 0 0 0 0 0 45 23 0 18 1 9 6 13 59 61 50 14 11 0 56 60 0 8 25 54 0 38 39 40 7 1 0 4 18 37 3 20 35 4 55 0 0 
1 0 0 0 0 0 0 0 0 0 0 0 0 0 0 0 0 0 0 0 0 0 0 0 0 0 0 1 0 6 18 38 1 6 12 58 0 50 1 10 0 57 60 6 1 1 1 0 1 1 0 1 41 0 5 0 1 1 20 0 5 1 55 0 
0 49 22 0 0 0 0 0 0 0 0 0 0 0 0 0 0 0 0 0 0 0 0 0 0 0 0 0 0 0 0 13 13 12 0 4 7 17 0 23 39 50 53 13 0 46 21 63 7 50 39 61 0 39 55 52 52 55 45 36 0 0 33 36 
0 33 0 27 0 0 0 0 0 0 0 0 0 0 0 0 0 0 0 0 0 0 0 0 0 0 0 11 0 0 29 13 36 21 3 30 7 56 0 32 61 41 53 16 0 15 45 63 7 32 39 15 0 7 24 52 47 35 0 59 0 40 0 1 
0 35 0 0 22 0 0 0 0 0 0 0 0 0 0 0 0 0 0 0 0 61 0 0 0 0 0 11 0 0 0 13 42 11 0 20 0 7 6 16 8 27 53 15 0 43 14 0 43 30 39 59 42 10 25 0 15 3 0 35 62 0 0 43 
0 47 0 0 0 61 0 0 0 0 0 0 0 0 0 0 0 0 0 0 0 0 0 0 0 0 0 11 0 0 29 13 5 32 0 43 0 46 6 36 9 6 0 38 0 38 62 0 54 15 39 49 0 22 44 52 54 51 45 27 62 40 0 25 
0 3 0 0 0 0 12 0 0 0 0 0 0 0 0 0 0 0 0 0 0 61 0 0 0 0 0 11 0 0 0 0 27 16 0 36 7 1 6 63 51 61 0 36 0 63 63 63 29 45 0 42 42 16 48 52 29 58 0 4 62 40 33 8 
0 20 0 0 0 0 0 45 0 0 0 0 0 0 0 0 0 0 0 0 0 61 0 0 0 0 0 0 0 0 29 13 53 51 3 56 7 37 0 5 31 42 0 50 19 19 35 0 52 62 39 43 0 8 41 52 52 53 0 34 0 40 0 59 
0 20 0 0 0 0 0 0 26 0 0 0 0 0 0 0 0 0 0 0 0 61 0 0 0 0 0 11 0 0 29 0 52 41 3 57 0 35 0 27 18 17 0 57 19 3 11 63 42 13 0 19 42 0 23 52 32 60 45 8 0 40 33 50 
0 50 0 0 0 0 0 0 0 41 0 0 0 0 0 0 0 0 0 0 0 61 0 0 0 0 0 11 0 0 29 0 7 36 0 20 0 36 6 42 59 50 53 22 19 47 11 63 50 38 39 49 0 9 1 52 22 63 45 42 62 40 33 45 
0 6 0 0 0 0 0 0 0 0 29 0 0 0 0 0 0 0 0 0 0 61 0 0 0 0 0 0 0 0 0 13 15 25 0 22 7 19 0 25 11 47 53 59 0 16 54 0 41 41 0 9 0 19 49 52 24 27 0 23 0 0 0 19 
0 63 0 0 0 0 0 0 0 0 0 3 0 0 0 0 0 0 0 0 0 61 0 0 0 0 0 11 0 0 0 13 1 2 3 24 0 1 6 24 54 42 0 18 0 5 41 0 18 51 0 23 42 20 31 0 21 3 45 59 62 40 0 45 
0 16 0 0 0 0 0 0 0 0 0 0 36 0 0 0 0 0 0 0 0 61 0 0 0 0 0 11 0 0 0 13 8 50 0 20 0 8 0 23 43 5 0 12 19 27 13 63 32 23 39 47 0 40 30 0 39 1 45 27 62 0 33 47 
0 25 0 0 0 0 0 0 0 0 0 0 0 36 0 0 0 0 0 0 0 0 0 0 0 0 0 0 0 0 0 0 15 61 0 25 0 43 0 17 63 16 0 4 19 2 7 63 46 62 0 35 0 15 13 0 14 59 45 59 62 0 0 12 
0 20 0 0 0 0 0 0 0 0 0 0 0 0 46 0 0 0 0 0 0 0 0 0 0 0 0 0 0 0 0 0 23 17 3 14 0 11 0 38 62 38 53 38 0 7 49 0 57 19 39 21 42 46 28 52 33 62 45 21 62 40 33 54 
0 58 0 0 0 0 0 0 0 0 0 0 0 0 0 53 0 0 0 0 0 0 0 0 0 0 0 11 0 0 29 13 28 50 3 12 0 31 0 45 19 26 0 47 19 27 32 0 41 13 39 2 0 57 38 52 29 24 45 6 62 0 33 25 
0 63 0 0 0 0 0 0 0 0 0 0 0 0 0 0 41 0 0 0 0 0 0 0 0 0 0 11 0 0 0 0 15 12 0 59 7 60 0 40 59 44 0 57 0 3 31 0 63 13 39 16 42 3 34 52 9 25 0 58 0 0 0 55 
0 4 0 0 0 0 0 0 0 0 0 0 0 0 0 0 0 55 0 0 0 61 0 0 0 0 0 0 0 0 0 0 33 18 3 35 0 46 0 60 23 31 53 57 19 35 60 0 12 2 0 61 0 26 8 0 21 63 0 41 62 40 0 8 
0 1 0 0 0 0 0 0 0 0 0 0 0 0 0 0 0 0 17 0 0 0 0 0 0 0 0 0 0 0 29 13 33 54 0 56 0 19 6 49 41 42 53 41 0 61 54 63 54 8 0 45 42 42 52 52 5 25 45 50 62 0 33 51 
0 62 0 0 0 0 0 0 0 0 0 0 0 0 0 0 0 0 0 16 0 61 0 0 0 0 0 11 0 0 0 13 8 48 0 12 0 33 0 39 46 56 53 37 19 25 50 63 12 56 39 2 0 20 3 0 2 42 0 45 0 0 0 9 
0 60 0 0 0 0 0 0 0 0 0 0 0 0 0 0 0 0 0 0 44 61 0 0 0 0 0 0 0 0 29 0 63 18 3 16 0 22 0 60 5 62 0 51 0 16 61 63 45 11 39 60 0 10 55 52 6 41 45 48 62 40 0 62 
0 38 0 0 0 0 0 0 0 0 0 0 0 0 0 0 0 0 0 0 0 0 49 0 0 0 0 0 0 0 29 13 60 62 3 38 7 53 0 33 20 47 0 45 19 43 53 0 17 48 39 41 42 38 28 52 29 56 0 11 0 40 33 49 
0 35 0 0 0 0 0 0 0 0 0 0 0 0 0 0 0 0 0 0 0 0 0 20 0 0 0 0 0 0 0 0 12 40 3 5 7 28 0 14 40 26 0 42 0 22 33 0 52 45 39 49 0 27 24 52 42 48 0 43 0 0 33 21 
0 3 0 0 0 0 0 0 0 0 0 0 0 0 0 0 0 0 0 0 0 0 0 0 9 0 0 0 0 0 29 13 28 11 0 59 0 62 0 47 0 25 53 62 19 33 27 63 5 24 0 17 42 10 32 0 43 7 0 54 0 40 33 38 
0 35 0 0 0 0 0 0 0 0 0 0 0 0 0 0 0 0 0 0 0 0 0 0 0 48 0 0 0 0 0 0 23 33 3 19 0 17 0 49 49 49 53 16 19 24 59 0 16 19 0 61 0 18 1 0 39 33 45 55 62 0 33 50 
0 26 0 0 0 0 0 0 0 0 0 0 0 0 0 0 0 0 0 0 0 0 0 0 0 0 11 11 0 0 29 0 12 60 0 62 7 23 6 33 27 54 0 40 0 30 32 0 52 59 0 40 0 45 31 52 26 55 0 59 0 40 33 32 
0 13 0 0 0 0 0 0 0 0 0 0 0 0 0 0 0 0 0 0 0 0 0 0 0 0 0 0 41 0 29 0 10 5 3 12 7 22 6 18 14 10 53 1 0 25 54 0 38 49 39 12 0 12 49 52 37 3 45 35 62 0 0 47 
0 1 0 0 0 0 0 0 0 0 0 0 0 0 0 0 0 0 0 0 0 0 0 0 0 0 0 0 0 17 29 13 1 4 3 13 0 23 0 19 15 11 53 32 0 1 1 0 1 1 0 1 42 1 48 0 1 1 45 1 62 0 33 1 
0 0 38 33 0 0 0 0 0 0 0 0 0 0 0 0 0 0 0 0 0 0 0 0 0 0 0 22 0 0 44 47 0 21 58 4 17 56 0 23 39 27 46 0 0 46 0 25 7 32 63 15 0 39 24 22 0 55 46 31 0 33 28 0 
0 0 3 0 39 0 0 0 0 0 0 0 0 0 0 0 0 0 0 0 0 63 0 0 0 0 0 22 0 0 0 1 13 11 0 4 27 22 8 0 39 41 25 0 0 0 21 52 43 30 33 59 7 0 25 61 52 0 4 35 48 0 58 0 
0 0 23 0 0 13 0 0 0 0 0 0 0 0 0 0 0 0 0 0 0 0 0 0 0 0 0 22 0 0 44 63 0 44 0 0 6 46 8 23 39 52 41 0 0 0 0 21 49 15 16 12 0 0 27 51 0 55 35 27 48 33 34 0 
0 0 2 0 0 0 48 0 0 0 0 0 0 0 0 0 0 0 0 0 0 63 0 0 0 0 0 22 0 0 0 38 0 16 0 4 33 16 8 0 0 15 11 13 0 0 21 0 29 31 29 42 7 0 7 59 52 55 34 4 48 33 6 36 
0 0 40 0 0 0 0 33 0 0 0 0 0 0 0 0 0 0 0 0 0 63 0 0 0 0 0 0 0 0 44 63 0 63 58 0 21 37 0 0 0 24 62 13 51 46 21 61 52 12 55 43 0 0 30 9 0 55 9 6 0 33 55 36 
0 0 23 0 0 0 0 0 10 0 0 0 0 0 0 0 0 0 0 0 0 63 0 0 0 0 0 22 0 0 44 47 13 41 58 4 37 50 0 0 0 35 23 13 51 0 21 8 45 63 57 46 7 0 23 45 0 0 22 8 0 33 10 0 
0 0 39 0 0 0 0 0 0 35 0 0 0 0 0 0 0 0 0 0 0 63 0 0 0 0 0 22 0 0 44 8 0 36 0 4 49 36 8 23 0 0 11 13 51 0 21 27 50 20 17 49 0 0 1 51 52 55 59 42 48 33 46 0 
0 0 44 0 0 0 0 0 0 0 46 0 0 0 0 0 0 0 0 0 0 63 0 0 0 0 0 0 0 0 0 44 0 21 0 4 59 2 0 23 0 47 18 13 0 46 21 35 46 41 4 9 0 0 6 49 52 55 13 51 0 0 30 0 
0 0 43 0 0 0 0 0 0 0 0 43 0 0 0 0 0 0 0 0 0 63 0 0 0 0 0 22 0 0 0 16 0 2 58 4 58 16 8 23 0 42 57 13 0 0 0 13 18 1 8 42 7 39 40 7 0 55 53 59 48 33 8 0 
0 0 32 0 0 0 0 0 0 0 0 0 13 0 0 0 0 0 0 0 0 63 0 0 0 0 0 22 0 0 0 8 13 50 0 0 4 25 0 0 39 5 25 0 51 0 21 14 32 23 23 18 0 0 41 58 52 0 12 27 48 0 6 36 
0 0 58 0 0 0 0 0 0 0 0 0 0 34 0 0 0 0 0 0 0 0 0 0 0 0 0 0 0 0 0 24 13 61 0 0 10 43 0 23 39 34 53 13 51 0 21 15 41 12 16 35 0 0 13 23 0 0 8 59 48 0 48 36 
0 0 3 0 0 0 0 0 0 0 0 0 0 0 53 0 0 0 0 0 0 0 0 0 0 0 0 0 0 0 0 24 0 29 58 4 23 11 0 0 39 38 7 0 0 46 0 5 57 33 50 40 7 39 28 33 0 55 42 49 48 33 7 0 
0 0 15 0 0 0 0 0 0 0 0 0 0 0 0 32 0 0 0 0 0 0 0 0 0 0 0 22 0 0 44 44 0 62 58 0 60 14 0 23 0 40 61 13 51 0 21 34 41 13 1 2 0 0 38 63 0 55 45 34 48 0 31 0 
0 0 32 0 0 0 0 0 0 0 0 0 0 0 0 0 52 0 0 0 0 0 0 0 0 0 0 22 0 0 0 3 0 0 0 0 10 60 0 0 0 44 45 13 0 0 21 59 56 63 15 16 7 39 34 34 52 55 27 30 0 0 7 36 
0 0 27 0 0 0 0 0 0 0 0 0 0 0 0 0 0 37 0 0 0 63 0 0 0 0 0 0 0 0 0 43 13 18 58 0 0 46 0 0 39 45 2 13 51 46 21 13 12 48 54 61 0 0 8 55 52 0 33 41 48 33 49 0 
0 0 50 0 0 0 0 0 0 0 0 0 0 0 0 0 0 0 33 0 0 0 0 0 0 0 0 0 0 0 44 1 13 54 0 4 56 19 8 23 39 24 41 0 0 46 21 10 54 8 16 16 7 39 3 11 0 55 10 50 48 0 32 36 
0 0 57 0 0 0 0 0 0 0 0 0 0 0 0 0 0 0 0 3 0 63 0 0 0 0 0 22 0 0 0 53 0 60 0 4 23 33 0 23 0 10 1 0 51 0 21 55 12 56 4 63 0 0 52 60 0 55 24 9 0 0 42 36 
0 0 40 0 0 0 0 0 0 0 0 0 0 0 0 0 0 0 0 0 47 63 0 0 0 0 0 0 0 0 44 12 0 30 58 0 47 22 0 0 39 12 61 0 0 0 21 58 42 11 34 1 0 0 55 17 52 55 20 20 48 33 6 36 
0 0 32 0 0 0 0 0 0 0 0 0 0 0 0 0 0 0 0 0 0 0 23 0 0 0 0 0 0 0 44 25 0 62 58 0 7 53 0 0 39 47 17 0 51 46 0 3 22 2 21 41 7 39 28 13 52 55 42 11 0 33 54 0 
0 0 46 0 0 0 0 0 0 0 0 0 0 0 0 0 0 0 0 0 0 0 0 59 0 0 0 0 0 0 0 15 13 36 58 0 53 28 0 0 39 40 12 13 0 0 0 14 52 45 32 49 0 0 47 47 0 0 43 15 0 0 17 0 
0 0 9 0 0 0 0 0 0 0 0 0 0 0 0 0 0 0 0 0 0 0 0 0 44 0 0 0 0 0 44 60 13 7 0 0 18 47 0 23 0 25 33 13 51 46 0 12 2 42 45 44 7 0 32 36 0 0 63 18 0 33 41 0 
0 0 5 0 0 0 0 0 0 0 0 0 0 0 0 0 0 0 0 0 0 0 0 0 0 14 0 0 0 0 0 43 0 33 58 4 47 0 0 0 39 49 62 13 51 0 0 48 16 19 57 61 0 39 54 63 52 55 50 19 48 0 6 36 
0 0 52 0 0 0 0 0 0 0 0 0 0 0 0 0 0 0 0 0 0 0 0 0 0 0 59 22 0 0 44 60 13 48 0 4 29 6 8 23 39 4 37 0 0 0 0 34 51 59 43 21 0 39 31 26 0 55 45 59 0 33 0 36 
0 0 33 0 0 0 0 0 0 0 0 0 0 0 0 0 0 0 0 0 0 0 0 0 0 0 0 0 13 0 44 1 13 9 58 4 12 7 8 23 39 56 60 0 0 0 0 29 38 3 48 49 0 0 6 25 0 0 10 7 48 0 1 0 
0 0 1 0 0 0 0 0 0 0 0 0 0 0 0 0 0 0 0 0 0 0 0 0 0 0 0 0 0 23 44 34 0 8 58 4 1 6 0 23 39 57 61 13 0 0 0 1 1 1 1 1 7 0 7 1 0 0 11 1 48 0 21 0 
0 0 0 63 35 0 0 0 0 0 0 0 0 0 0 0 0 0 0 0 0 16 0 0 0 0 0 6 0 0 31 46 36 0 13 10 27 56 33 16 53 50 55 0 0 43 45 52 0 0 30 0 38 10 0 61 47 3 0 35 63 8 0 0 
0 0 0 5 0 17 0 0 0 0 0 0 0 0 0 0 0 0 0 0 0 0 0 0 0 0 0 10 0 0 47 16 0 21 13 43 6 0 33 4 52 47 41 0 0 38 0 21 7 0 47 15 0 22 24 37 0 16 46 27 63 59 0 0 
0 0 0 18 0 0 49 0 0 0 0 0 0 0 0 0 0 0 0 0 0 16 0 0 0 0 0 44 0 0 1 38 0 0 47 58 48 56 33 63 51 20 11 16 0 63 45 25 0 32 29 0 38 16 24 45 47 25 0 4 63 15 28 1 
0 0 0 61 0 0 0 50 0 0 0 0 0 0 0 0 0 0 0 0 0 16 0 0 0 0 0 33 0 0 14 16 0 21 48 56 4 0 0 5 31 3 62 16 6 28 45 61 0 32 8 0 0 8 24 31 0 22 0 25 0 31 0 1 
0 0 0 29 0 0 0 0 28 0 0 0 0 0 0 0 0 0 0 0 0 16 0 0 0 0 0 10 0 0 35 47 36 0 34 39 37 56 0 27 18 56 23 16 6 3 45 17 7 32 57 15 38 0 0 59 0 60 46 8 0 4 28 0 
0 0 0 35 0 0 0 0 0 24 0 0 0 0 0 0 0 0 0 0 0 16 0 0 0 0 0 55 0 0 54 8 0 0 0 10 49 0 33 10 59 27 37 16 6 47 45 2 0 32 46 0 0 9 0 37 47 28 46 42 63 6 28 0 
0 0 0 11 0 0 0 0 0 0 62 0 0 0 0 0 0 0 0 0 0 16 0 0 0 0 0 53 0 0 15 3 0 21 15 8 42 56 0 57 11 47 60 16 0 31 45 35 7 0 4 0 0 19 24 39 47 56 0 44 0 39 0 0 
0 0 0 2 0 0 0 0 0 0 0 21 0 0 0 0 0 0 0 0 0 16 0 0 0 0 0 48 0 0 45 63 0 0 27 6 58 56 33 56 54 42 57 16 0 5 0 13 0 32 8 15 38 19 24 7 0 32 46 59 63 62 0 0 
0 0 0 30 0 0 0 0 0 0 0 0 40 0 0 0 0 0 0 0 0 16 0 0 0 0 0 41 0 0 57 39 36 0 8 20 4 56 0 23 22 5 25 0 6 27 45 23 0 0 40 15 0 40 24 58 47 1 46 27 63 57 28 1 
0 0 0 1 0 0 0 0 0 0 0 0 0 21 0 0 0 0 0 0 0 0 0 0 0 0 0 39 0 0 20 24 36 0 53 25 10 0 0 49 2 57 53 16 6 2 45 22 7 32 16 0 0 15 0 23 0 59 46 59 63 23 0 1 
0 0 0 17 0 0 0 0 0 0 0 0 0 0 60 0 0 0 0 0 0 0 0 0 0 0 0 34 0 0 40 24 0 21 4 16 23 0 0 38 3 38 41 0 0 8 0 5 0 32 13 15 38 41 0 55 0 29 46 46 63 13 28 0 
0 0 0 27 0 0 0 0 0 0 0 0 0 0 0 46 0 0 0 0 0 0 0 0 0 0 0 6 0 0 14 3 0 21 37 12 60 56 0 13 19 51 61 16 6 27 45 34 0 0 62 0 0 57 0 41 0 59 46 61 63 29 28 0 
0 0 0 54 0 0 0 0 0 0 0 0 0 0 0 0 45 0 0 0 0 0 0 0 0 0 0 45 0 0 28 3 0 21 49 59 27 0 0 40 59 44 45 16 0 3 45 59 7 32 48 0 38 4 0 52 47 58 0 1 0 41 0 1 
0 0 0 34 0 0 0 0 0 0 0 0 0 0 0 0 0 34 0 0 0 16 0 0 0 0 0 10 0 0 41 43 36 0 36 35 0 0 0 60 42 54 44 16 6 44 45 13 0 32 54 0 0 26 0 55 47 63 0 41 63 57 0 0 
0 0 0 61 0 0 0 0 0 0 0 0 0 0 0 0 0 0 60 0 0 0 0 0 0 0 0 52 0 0 57 46 36 0 61 38 56 0 33 17 20 3 7 0 0 50 45 19 0 0 16 15 38 45 24 29 0 58 46 50 63 14 28 1 
0 0 0 60 0 0 0 0 0 0 0 0 0 0 0 0 0 0 0 54 0 16 0 0 0 0 0 13 0 0 54 26 0 21 10 18 23 0 0 7 46 17 47 0 6 25 45 46 0 0 59 15 0 20 24 60 0 9 0 22 0 6 0 1 
0 0 0 38 0 0 0 0 0 0 0 0 0 0 0 0 0 0 0 0 7 16 0 0 0 0 0 0 0 0 46 12 0 21 14 16 47 0 0 60 56 23 61 0 0 16 45 35 7 0 29 15 0 10 0 7 47 10 46 11 63 12 0 1 
0 0 0 34 0 0 0 0 0 0 0 0 0 0 0 0 0 0 0 0 0 0 33 0 0 0 0 4 0 0 24 54 0 0 48 38 22 0 0 33 41 47 17 0 6 36 0 3 7 32 42 0 38 33 0 27 47 27 0 11 0 57 28 0 
0 0 0 8 0 0 0 0 0 0 0 0 0 0 0 0 0 0 0 0 0 0 0 17 0 0 0 35 0 0 33 15 36 21 33 5 36 0 0 14 21 51 12 16 0 22 0 14 0 0 31 0 0 27 24 57 0 48 0 16 0 31 28 0 
0 0 0 45 0 0 0 0 0 0 0 0 0 0 0 0 0 0 0 0 0 0 0 0 22 0 0 44 0 0 35 19 36 21 59 59 18 56 0 15 0 25 15 16 6 46 0 21 7 32 45 15 38 10 0 36 0 7 0 13 0 51 28 0 
0 0 0 21 0 0 0 0 0 0 0 0 0 0 0 0 0 0 0 0 0 0 0 0 0 60 0 46 0 0 18 43 0 0 7 13 47 56 0 49 12 49 16 16 6 24 0 48 0 0 57 0 0 21 24 63 47 2 46 12 63 23 28 1 
0 0 0 50 0 0 0 0 0 0 0 0 0 0 0 0 0 0 0 0 0 0 0 0 0 0 37 45 0 0 37 60 36 21 40 32 12 56 33 1 38 31 37 0 0 30 0 34 7 0 43 15 0 42 0 12 0 20 0 59 0 16 28 1 
0 0 0 54 0 0 0 0 0 0 0 0 0 0 0 0 0 0 0 0 0 0 0 0 0 0 0 45 33 0 50 1 36 21 18 18 29 56 33 50 51 35 18 0 0 25 0 29 0 32 15 15 0 12 24 15 0 3 46 24 63 55 0 0 
0 0 0 1 0 0 0 0 0 0 0 0 0 0 0 0 0 0 0 0 0 0 0 0 0 0 0 1 0 24 51 13 0 21 19 19 1 56 0 51 50 34 19 16 0 1 0 1 0 0 1 0 38 1 24 1 0 1 46 1 63 1 28 0 
0 0 0 0 50 7 0 0 0 0 0 0 0 0 0 0 0 0 0 0 0 13 0 0 0 0 0 12 0 0 31 62 5 11 0 43 0 46 23 16 1 29 41 0 0 0 62 0 43 0 49 59 59 0 25 61 54 3 4 0 63 8 0 0 
0 0 0 0 59 0 17 0 0 0 0 0 0 0 0 0 0 0 0 0 0 14 0 0 0 0 0 42 0 0 0 38 27 0 0 48 27 6 63 0 51 38 11 15 0 0 49 52 0 30 29 0 7 0 25 61 18 3 0 0 52 8 58 43 
0 0 0 0 19 0 0 54 0 0 0 0 0 0 0 0 0 0 0 0 0 32 0 0 0 0 0 33 0 0 31 62 53 11 13 56 27 37 27 0 31 49 62 15 47 43 45 0 0 30 22 0 8 0 25 61 52 3 0 35 24 8 0 43 
0 0 0 0 26 0 0 0 11 0 0 0 0 0 0 0 0 0 0 0 0 19 0 0 0 0 0 12 0 0 31 47 30 0 13 45 0 36 43 0 18 10 23 15 47 0 5 52 43 30 57 59 6 0 0 61 32 0 4 0 28 8 58 0 
0 0 0 0 47 0 0 0 0 18 0 0 0 0 0 0 0 0 0 0 0 57 0 0 0 0 0 49 0 0 31 8 7 0 0 0 0 36 58 16 59 41 18 15 47 0 5 52 0 30 48 0 30 0 0 61 25 3 4 0 50 8 58 0 
0 0 0 0 57 0 0 0 0 0 46 0 0 0 0 0 0 0 0 0 0 32 0 0 0 0 0 53 0 0 0 45 15 11 0 2 27 20 0 16 11 47 11 15 0 43 56 0 43 0 4 0 17 0 25 61 23 3 0 35 33 0 0 0 
0 0 0 0 45 0 0 0 0 0 0 58 0 0 0 0 0 0 0 0 0 21 0 0 0 0 0 54 0 0 0 17 1 0 13 12 0 6 23 16 54 42 57 15 0 0 41 0 0 30 8 59 53 10 25 0 21 3 4 0 10 8 0 0 
0 0 0 0 36 0 0 0 0 0 0 0 51 0 0 0 0 0 0 0 0 14 0 0 0 0 0 47 0 0 0 9 34 0 0 20 0 15 39 0 35 5 25 0 47 0 3 52 0 0 54 59 53 0 25 0 40 0 4 0 50 0 58 43 
0 0 0 0 51 0 0 0 0 0 0 0 0 20 0 0 0 0 0 0 0 23 0 0 0 0 0 39 0 0 0 24 37 0 0 25 0 43 58 16 55 11 53 15 47 0 9 52 43 30 16 0 9 0 0 0 14 0 4 0 32 0 0 43 
0 0 0 0 35 0 0 0 0 0 0 0 0 0 58 0 0 0 0 0 0 27 0 0 0 0 0 34 0 0 0 24 23 11 13 26 0 11 29 0 54 38 30 0 0 43 49 0 0 30 19 59 26 10 0 61 33 3 4 35 51 8 58 0 
0 0 0 0 28 0 0 0 0 0 0 0 0 0 0 52 0 0 0 0 0 38 0 0 0 0 0 0 0 0 31 45 28 11 13 12 0 24 10 16 19 1 61 15 47 0 46 0 0 0 32 0 20 0 0 61 29 3 4 35 3 0 58 0 
0 0 0 0 7 0 0 0 0 0 0 0 0 0 0 0 20 0 0 0 0 32 0 0 0 0 0 43 0 0 0 3 15 11 0 59 27 60 39 0 59 44 45 15 0 0 17 0 43 30 46 0 33 10 0 61 6 3 0 35 50 0 0 43 
0 0 0 0 31 0 0 0 0 0 0 0 0 0 0 0 0 4 0 0 0 25 0 0 0 0 0 10 0 0 0 43 11 0 13 35 0 46 42 0 31 4 27 15 47 43 50 0 0 30 54 0 32 0 0 0 26 0 0 0 25 8 0 0 
0 0 0 0 43 0 0 0 0 0 0 0 0 0 0 0 0 0 0 0 0 60 0 0 0 0 0 52 0 0 31 0 11 0 0 44 0 19 57 16 33 49 48 0 0 43 56 52 0 0 16 59 2 10 25 61 5 3 4 0 20 0 58 43 
0 0 0 0 11 0 0 0 0 0 0 0 0 0 0 0 0 0 0 36 0 18 0 0 0 0 0 11 0 0 0 52 8 11 0 24 0 33 4 16 46 35 24 0 47 0 60 52 0 0 37 59 34 0 25 0 2 3 0 35 11 0 0 43 
0 0 0 0 60 0 0 0 0 0 0 0 0 0 0 0 0 0 0 0 53 43 0 0 0 0 0 0 0 0 31 12 63 11 13 16 0 22 59 0 13 37 61 0 0 0 51 52 43 0 3 59 32 0 0 61 9 3 4 35 1 8 0 43 
0 0 0 0 40 0 0 0 0 0 0 0 0 0 0 0 0 0 0 0 0 41 48 0 0 0 0 4 0 0 31 24 60 0 13 38 27 53 43 0 28 47 17 0 47 43 53 0 43 30 52 0 57 10 0 61 18 3 0 0 56 8 58 0 
0 0 0 0 14 0 0 0 0 0 0 0 0 0 0 0 0 0 0 0 0 18 0 37 0 0 0 35 0 0 0 15 38 11 13 5 27 28 31 0 32 1 12 15 0 0 33 0 0 0 1 0 38 0 25 61 42 0 0 35 4 0 58 0 
0 0 0 0 55 0 0 0 0 0 0 0 0 0 0 0 0 0 0 0 0 43 0 0 11 0 0 44 0 0 31 61 54 11 0 59 0 57 54 16 0 25 56 15 47 43 27 52 43 30 45 59 39 0 0 0 43 0 0 35 14 8 58 0 
0 0 0 0 8 0 0 0 0 0 0 0 0 0 0 0 0 0 0 0 0 55 0 0 0 21 0 46 0 0 0 43 23 0 13 7 0 22 20 0 57 49 39 15 47 0 59 0 0 0 57 0 15 10 25 0 40 3 4 35 1 0 58 43 
0 0 0 0 27 0 0 0 0 0 0 0 0 0 0 0 0 0 0 0 0 52 0 0 0 0 13 43 0 0 31 60 38 11 0 42 27 16 58 16 19 45 37 0 0 0 32 0 43 0 43 59 24 10 0 61 26 3 0 0 61 8 58 43 
0 0 0 0 22 0 0 0 0 0 0 0 0 0 0 0 0 0 0 0 0 43 0 0 0 0 0 45 61 0 31 1 32 11 13 24 27 17 11 16 6 17 37 0 0 0 54 0 0 30 17 59 1 0 25 61 37 0 4 35 20 0 0 0 
0 0 0 0 1 0 0 0 0 0 0 0 0 0 0 0 0 0 0 0 0 1 0 0 0 0 0 1 0 24 31 35 1 11 13 25 0 16 1 16 7 16 36 15 0 0 1 0 0 0 1 0 44 0 25 0 1 0 4 0 21 0 58 0 
0 0 0 0 0 62 16 0 0 0 0 0 0 0 0 0 0 0 0 0 0 13 0 0 0 0 0 38 0 0 1 38 0 16 0 43 6 46 40 63 51 59 0 38 0 0 62 21 29 15 29 42 59 0 28 8 54 9 34 0 11 52 34 25 
0 0 0 0 0 2 0 51 0 0 0 0 0 0 0 0 0 0 0 0 0 13 0 0 0 0 0 33 0 0 33 0 0 19 13 0 6 0 27 5 31 44 0 38 13 38 62 0 52 15 39 43 0 0 5 58 0 6 9 27 24 36 0 25 
0 0 0 0 0 63 0 0 42 0 0 0 0 0 0 0 0 0 0 0 0 13 0 0 0 0 0 0 0 0 12 47 5 41 13 43 0 46 43 27 18 23 0 38 13 0 62 21 28 15 57 34 59 0 23 30 0 60 53 0 28 63 34 0 
0 0 0 0 0 52 0 0 0 37 0 0 0 0 0 0 0 0 0 0 0 13 0 0 0 0 0 61 0 0 25 8 0 36 0 43 0 0 45 14 59 52 41 38 13 0 62 21 50 15 1 49 0 0 1 0 54 12 24 0 13 61 34 0 
0 0 0 0 0 52 0 0 0 0 26 0 0 0 0 0 0 0 0 0 0 13 0 0 0 0 0 53 0 0 15 19 0 57 0 43 6 46 0 61 11 47 41 38 0 38 62 0 31 0 4 9 0 0 29 2 54 40 13 27 33 39 0 0 
0 0 0 0 0 47 0 0 0 0 0 36 0 0 0 0 0 0 0 0 0 13 0 0 0 0 0 58 0 0 45 47 0 2 13 43 0 46 0 60 54 42 0 38 0 0 0 0 18 15 8 38 59 22 51 7 0 48 22 0 53 5 0 0 
0 0 0 0 0 16 0 0 0 0 0 0 29 0 0 0 0 0 0 0 0 13 0 0 0 0 0 35 0 0 57 55 5 50 0 0 0 46 39 23 34 5 0 0 13 0 62 21 32 0 7 30 0 0 50 58 54 1 47 0 13 57 34 25 
0 0 0 0 0 58 0 0 0 0 0 0 0 26 0 0 0 0 0 0 0 0 0 0 0 0 0 39 0 0 20 24 5 61 0 0 0 0 58 53 54 22 0 38 13 0 62 21 24 15 16 35 0 0 13 23 0 59 43 0 31 23 0 25 
0 0 0 0 0 34 0 0 0 0 0 0 0 0 23 0 0 0 0 0 0 0 0 0 0 0 0 34 0 0 40 24 0 49 13 43 0 0 29 38 55 38 41 0 0 38 0 0 57 15 34 36 59 22 28 18 0 13 9 27 12 54 34 0 
0 0 0 0 0 49 0 0 0 0 0 0 0 0 0 24 0 0 0 0 0 0 0 0 0 0 0 12 0 0 33 19 0 18 13 0 0 46 10 9 19 28 0 38 13 0 62 0 41 0 17 2 0 0 38 12 0 43 14 27 60 29 34 0 
0 0 0 0 0 8 0 0 0 0 0 0 0 0 0 0 24 0 0 0 0 0 0 0 0 0 0 39 0 0 28 3 0 44 0 0 6 0 39 40 59 44 0 38 0 0 62 0 9 15 31 16 59 22 34 17 54 42 27 27 50 41 0 25 
0 0 0 0 0 14 0 0 0 0 0 0 0 0 0 0 0 25 0 0 0 13 0 0 0 0 0 10 0 0 41 43 5 18 13 0 0 0 42 60 30 25 41 38 13 38 62 0 12 15 54 61 0 0 8 55 54 63 33 0 38 2 0 0 
0 0 0 0 0 3 0 0 0 0 0 0 0 0 0 0 0 0 56 0 0 0 0 0 0 0 0 52 0 0 22 62 5 54 0 43 0 0 46 21 32 44 41 0 0 38 62 21 54 0 16 28 59 22 24 56 0 42 41 0 43 14 34 25 
0 0 0 0 0 3 0 0 0 0 0 0 0 0 0 0 0 0 0 44 0 13 0 0 0 0 0 7 0 0 54 10 0 16 0 43 0 0 4 3 46 62 41 0 13 0 62 21 12 0 20 51 0 0 47 60 0 25 24 27 11 6 0 25 
0 0 0 0 0 60 0 0 0 0 0 0 0 0 0 0 0 0 0 0 34 13 0 0 0 0 0 0 0 0 1 12 0 50 13 0 0 0 59 60 12 56 0 0 0 0 62 21 27 0 50 13 0 0 55 34 54 26 55 27 62 55 0 25 
0 0 0 0 0 14 0 0 0 0 0 0 0 0 0 0 0 0 0 0 0 0 24 0 0 0 0 4 0 0 55 38 0 62 13 0 6 0 43 33 29 47 0 0 13 38 0 0 39 15 5 41 59 22 28 62 54 11 42 0 56 2 34 0 
0 0 0 0 0 53 0 0 0 0 0 0 0 0 0 0 0 0 0 0 0 0 0 58 0 0 0 35 0 0 33 15 5 8 13 0 6 0 31 14 33 28 0 38 0 0 0 0 52 0 48 49 0 0 52 28 0 48 43 27 4 31 34 0 
0 0 0 0 0 46 0 0 0 0 0 0 0 0 0 0 0 0 0 0 0 0 0 0 58 0 0 44 0 0 12 3 5 43 0 0 0 46 54 11 0 25 41 38 13 38 0 21 51 15 45 32 59 0 32 36 0 7 63 27 14 8 34 0 
0 0 0 0 0 22 0 0 0 0 0 0 0 0 0 0 0 0 0 0 0 0 0 0 0 9 0 46 0 0 18 43 0 33 13 43 0 46 20 49 56 49 41 38 13 0 0 0 16 0 57 61 0 22 45 63 54 18 17 27 62 23 34 25 
0 0 0 0 0 12 0 0 0 0 0 0 0 0 0 0 0 0 0 0 0 0 0 0 0 0 35 39 0 0 10 60 5 28 0 43 6 46 45 5 18 48 0 0 0 0 0 0 2 0 43 25 0 22 31 41 0 4 45 0 61 43 34 25 
0 0 0 0 0 34 0 0 0 0 0 0 0 0 0 0 0 0 0 0 0 0 0 0 0 0 0 45 23 0 29 1 5 37 13 43 6 46 28 54 7 12 41 0 0 0 0 0 38 15 32 61 0 0 29 42 0 3 41 27 43 55 0 0 
0 0 0 0 0 1 0 0 0 0 0 0 0 0 0 0 0 0 0 0 0 0 0 0 0 0 0 1 0 1 28 29 0 36 13 43 0 46 1 55 6 13 41 38 0 0 0 0 1 0 1 1 59 0 28 1 0 1 40 0 42 1 34 0 
0 0 0 0 0 0 32 47 0 0 0 0 0 0 0 0 0 0 0 0 0 46 0 0 0 0 0 33 0 0 1 38 0 16 47 56 52 37 27 0 0 23 0 22 32 63 28 61 0 19 29 0 8 0 25 50 52 15 0 4 24 16 55 51 
0 0 0 0 0 0 10 0 60 0 0 0 0 0 0 0 0 0 0 0 0 29 0 0 0 0 0 38 0 0 1 0 27 0 47 29 37 34 43 0 0 44 0 29 32 0 52 8 29 32 0 42 1 0 23 22 32 60 34 0 28 11 12 50 
0 0 0 0 0 0 16 0 0 52 0 0 0 0 0 0 0 0 0 0 0 55 0 0 0 0 0 27 0 0 1 0 0 0 0 48 49 36 5 63 0 15 11 50 32 0 52 27 0 11 29 0 30 0 1 8 11 5 34 0 6 9 40 45 
0 0 0 0 0 0 22 0 0 0 11 0 0 0 0 0 0 0 0 0 0 46 0 0 0 0 0 53 0 0 0 38 0 16 0 50 26 18 0 63 0 47 11 31 0 63 9 35 29 41 0 0 17 0 1 10 5 33 0 4 33 39 30 19 
0 0 0 0 0 0 1 0 0 0 0 31 0 0 0 0 0 0 0 0 0 27 0 0 0 0 0 28 0 0 0 38 0 0 47 60 58 0 40 63 0 42 0 54 0 0 41 13 0 30 0 42 50 16 47 7 21 57 34 0 62 49 8 45 
0 0 0 0 0 0 4 0 0 0 0 0 1 0 0 0 0 0 0 0 0 0 0 0 0 0 0 5 0 0 0 38 27 0 0 20 4 9 39 0 51 5 0 12 32 0 50 14 0 23 29 42 53 0 46 58 58 1 34 0 6 57 0 39 
0 0 0 0 0 0 25 0 0 0 0 0 0 37 0 0 0 0 0 0 0 23 0 0 0 0 0 39 0 0 0 0 27 0 0 25 10 43 58 63 51 45 0 32 32 0 56 15 29 19 0 0 9 0 13 23 14 59 34 0 20 23 48 4 
0 0 0 0 0 0 40 0 0 0 0 0 0 0 56 0 0 0 0 0 0 27 0 0 0 0 0 34 0 0 0 0 0 16 47 42 23 11 29 0 51 38 11 38 0 63 49 5 0 62 29 42 29 16 28 26 33 4 34 4 7 2 1 54 
0 0 0 0 0 0 22 0 0 0 0 0 0 0 0 7 0 0 0 0 0 38 0 0 0 0 0 42 0 0 1 38 0 16 47 12 60 30 10 63 0 39 0 11 32 0 31 34 0 13 29 0 20 0 38 4 29 34 34 4 55 29 25 25 
0 0 0 0 0 0 46 0 0 0 0 0 0 0 0 0 41 0 0 0 0 32 0 0 0 0 0 1 0 0 0 0 0 16 0 59 43 60 39 0 0 44 0 29 0 0 32 59 29 32 29 0 38 16 34 25 20 35 0 4 50 41 7 63 
0 0 0 0 0 0 38 0 0 0 0 0 0 0 0 0 0 3 0 0 0 23 0 0 0 0 0 10 0 0 0 0 27 0 47 35 0 46 42 0 51 34 11 29 32 63 3 13 0 47 0 0 32 0 8 55 8 63 0 0 45 54 49 8 
0 0 0 0 0 0 34 0 0 0 0 0 0 0 0 0 0 0 13 0 0 60 0 0 0 0 0 52 0 0 1 38 27 0 0 28 56 19 6 63 51 23 11 41 0 63 9 10 0 8 0 42 5 16 4 48 5 35 34 0 32 14 38 59 
0 0 0 0 0 0 33 0 0 0 0 0 0 0 0 0 0 0 0 31 0 28 0 0 0 0 0 33 0 0 0 38 0 16 0 40 23 33 4 63 0 5 11 37 32 0 13 55 0 56 29 42 34 0 51 60 2 16 0 4 11 6 42 1 
0 0 0 0 0 0 37 0 0 0 0 0 0 0 0 0 0 0 0 0 15 37 0 0 0 0 0 0 0 0 1 0 0 16 47 16 47 22 59 0 51 3 0 51 0 0 2 58 29 11 29 42 32 0 55 42 27 19 34 4 53 3 6 54 
0 0 0 0 0 0 36 0 0 0 0 0 0 0 0 0 0 0 0 0 0 41 57 0 0 0 0 4 0 0 1 38 0 0 47 38 38 53 43 0 51 47 0 45 32 63 53 3 29 29 29 0 62 16 28 54 0 2 0 0 56 54 48 49 
0 0 0 0 0 0 49 0 0 0 0 0 0 0 0 0 0 0 0 0 0 18 0 62 0 0 0 35 0 0 0 0 27 16 47 5 20 28 31 0 51 39 0 14 0 0 33 14 0 45 29 0 38 0 40 20 42 48 0 4 4 31 23 21 
0 0 0 0 0 0 9 0 0 0 0 0 0 0 0 0 0 0 0 0 0 43 0 0 26 0 0 44 0 0 1 38 27 16 0 59 18 63 54 63 0 25 11 26 32 63 27 12 29 53 0 42 32 0 32 36 43 7 0 4 14 60 47 38 
0 0 0 0 0 0 18 0 0 0 0 0 0 0 0 0 0 0 0 0 0 55 0 0 0 42 0 46 0 0 0 0 0 0 47 55 47 16 20 0 51 49 11 52 32 0 59 48 0 19 0 0 15 16 49 63 58 27 34 4 53 23 0 58 
0 0 0 0 0 0 53 0 0 0 0 0 0 0 0 0 0 0 0 0 0 52 0 0 0 0 6 1 0 0 1 0 27 16 0 26 60 22 5 63 51 11 0 40 0 0 32 34 29 59 0 42 24 16 31 33 26 13 0 0 61 31 6 40 
0 0 0 0 0 0 1 0 0 0 0 0 0 0 0 0 0 0 0 0 0 43 0 0 0 0 0 45 19 0 1 0 27 16 47 40 45 23 52 63 51 55 11 1 0 0 54 29 0 28 29 42 1 0 1 34 37 3 34 4 32 55 1 47 
0 0 0 0 0 0 0 0 0 0 0 0 0 0 0 0 0 0 0 0 0 1 0 0 0 0 0 1 0 43 1 38 0 16 47 41 1 22 1 63 51 54 11 4 0 0 1 1 0 1 0 0 43 0 0 1 1 1 34 0 33 1 19 1 
0 0 0 0 0 0 0 20 28 0 0 0 0 0 0 0 0 0 0 0 0 51 0 0 0 0 0 33 0 0 45 47 53 41 18 56 37 37 0 0 0 59 0 11 7 3 40 61 52 51 57 43 8 0 23 36 0 60 9 8 0 27 55 50 
0 0 0 0 0 0 0 63 0 24 0 0 0 0 0 0 0 0 0 0 0 25 0 0 0 0 0 33 0 0 56 8 0 36 0 56 49 0 27 5 0 24 62 36 29 47 40 61 0 24 38 0 0 0 1 58 52 10 9 42 24 25 55 45 
0 0 0 0 0 0 0 29 0 0 0 0 0 0 0 0 0 0 0 0 0 0 0 0 0 0 0 0 0 0 15 19 0 42 15 56 46 37 0 5 0 47 62 9 53 3 21 0 52 41 4 0 0 0 24 56 52 46 0 53 0 39 0 19 
0 0 0 0 0 0 0 59 0 0 0 10 0 0 0 0 0 0 0 0 0 53 0 0 0 0 0 33 0 0 45 47 0 2 43 56 58 37 27 5 0 42 0 32 56 5 41 0 0 13 8 43 8 8 54 7 0 54 9 59 24 33 0 45 
0 0 0 0 0 0 0 49 0 0 0 0 24 0 0 0 0 0 0 0 0 46 0 0 0 0 0 33 0 0 57 55 53 50 8 0 4 37 0 0 31 5 0 12 30 27 46 61 0 23 32 43 0 0 55 58 52 1 9 27 24 57 55 20 
0 0 0 0 0 0 0 39 0 0 0 0 0 58 0 0 0 0 0 0 0 23 0 0 0 0 0 0 0 0 20 24 53 61 53 0 10 0 0 5 31 58 0 54 22 2 36 61 52 0 16 0 0 0 13 23 0 59 9 59 24 23 0 55 
0 0 0 0 0 0 0 19 0 0 0 0 0 0 8 0 0 0 0 0 0 27 0 0 0 0 0 0 0 0 40 24 0 34 52 56 23 0 0 0 31 38 62 38 0 20 49 0 0 45 5 43 8 8 28 40 0 11 9 55 24 18 55 54 
0 0 0 0 0 0 0 15 0 0 0 0 0 0 0 51 0 0 0 0 0 38 0 0 0 0 0 33 0 0 0 19 0 1 21 0 60 37 0 5 0 48 0 29 57 27 3 0 0 13 54 0 0 0 38 54 0 45 9 36 24 29 55 25 
0 0 0 0 0 0 0 47 0 0 0 0 0 0 0 0 36 0 0 0 0 32 0 0 0 0 0 33 0 0 28 3 0 63 49 0 31 0 0 0 0 44 0 11 43 3 60 0 52 51 56 0 8 8 34 43 52 44 0 24 0 41 0 12 
0 0 0 0 0 0 0 60 0 0 0 0 0 0 0 0 0 62 0 0 0 57 0 0 0 0 0 0 0 0 41 43 53 18 20 0 0 0 0 0 31 53 62 11 16 48 31 0 0 60 54 0 0 0 8 55 52 63 0 41 24 38 0 8 
0 0 0 0 0 0 0 36 0 0 0 0 0 0 0 0 0 0 47 0 0 60 0 0 0 0 0 0 0 0 55 62 53 54 61 56 56 0 27 5 31 0 62 41 46 46 21 61 0 8 16 43 8 8 29 2 0 44 9 50 24 14 55 8 
0 0 0 0 0 0 0 17 0 0 0 0 0 0 0 0 0 0 0 39 0 50 0 0 0 0 0 33 0 0 54 10 0 3 10 56 23 0 0 5 0 18 62 37 36 25 17 61 0 56 51 43 0 0 42 60 0 31 0 15 0 6 0 50 
0 0 0 0 0 0 0 29 0 0 0 0 0 0 0 0 0 0 0 0 28 11 0 0 0 0 0 0 0 0 32 12 0 33 62 0 47 0 0 0 31 20 0 51 43 16 30 61 52 11 21 43 0 0 55 24 52 28 9 18 24 19 0 5 
0 0 0 0 0 0 0 13 0 0 0 0 0 0 0 0 0 0 0 0 0 41 3 0 0 0 0 0 0 0 22 38 0 62 0 0 18 0 0 0 31 47 0 45 37 56 53 0 52 14 34 0 8 8 28 4 52 13 0 11 0 38 55 49 
0 0 0 0 0 0 0 30 0 0 0 0 0 0 0 0 0 0 0 0 0 18 0 55 0 0 0 0 0 0 33 15 53 27 17 0 32 0 0 0 31 48 0 24 10 22 33 0 0 45 23 0 0 0 49 38 0 48 0 9 0 31 55 21 
0 0 0 0 0 0 0 28 0 0 0 0 0 0 0 0 0 0 0 0 0 43 0 0 27 0 0 0 0 0 45 3 53 56 59 0 18 37 0 5 0 25 62 12 37 50 27 61 52 38 45 43 8 0 32 36 0 7 0 20 0 44 55 38 
0 0 0 0 0 0 0 38 0 0 0 0 0 0 0 0 0 0 0 0 0 55 0 0 0 58 0 0 0 0 18 43 0 33 55 56 47 37 0 0 31 49 62 34 19 24 59 0 0 19 57 0 0 8 40 63 52 20 9 21 24 23 55 9 
0 0 0 0 0 0 0 57 0 0 0 0 0 0 0 0 0 0 0 0 0 52 0 0 0 0 26 33 0 0 43 60 53 15 40 56 8 37 27 5 31 28 0 40 4 30 32 0 52 59 43 43 0 8 31 19 0 2 0 59 0 15 55 27 
0 0 0 0 0 0 0 23 0 0 0 0 0 0 0 0 0 0 0 0 0 43 0 0 0 0 0 0 45 0 60 1 53 54 34 56 25 37 27 5 31 32 62 1 8 25 54 0 0 15 7 43 0 0 24 16 0 3 9 1 24 55 0 47 
0 0 0 0 0 0 0 1 0 0 0 0 0 0 0 0 0 0 0 0 0 1 0 0 0 0 0 0 0 58 61 29 0 55 35 56 1 37 0 5 31 33 62 18 1 1 1 0 0 1 1 0 8 0 25 1 0 1 9 1 24 1 55 1 
0 0 0 0 0 0 0 0 55 52 0 0 0 0 0 0 0 0 0 0 0 42 0 0 0 0 0 61 0 0 21 0 7 0 0 45 0 36 43 27 0 35 23 47 26 0 0 19 50 43 57 49 30 0 0 30 32 60 45 0 28 2 36 0 
0 0 0 0 0 0 0 0 29 0 42 0 0 0 0 0 0 0 0 0 0 51 0 0 0 0 0 53 0 0 15 47 15 41 15 47 37 48 0 27 0 47 23 2 53 3 61 35 3 41 0 9 17 0 23 28 32 60 13 8 0 39 30 0 
0 0 0 0 0 0 0 0 28 0 0 15 0 0 0 0 0 0 0 0 0 6 0 0 0 0 0 58 0 0 45 47 1 0 57 33 0 34 43 27 0 42 0 43 56 0 41 13 18 62 0 4 51 0 23 7 0 60 35 0 28 58 8 0 
0 0 0 0 0 0 0 0 13 0 0 0 34 0 0 0 0 0 0 0 0 29 0 0 0 0 0 35 0 0 57 47 60 0 8 20 0 43 0 0 18 5 0 12 25 0 6 6 32 23 57 60 53 0 23 58 32 0 26 0 28 57 12 50 
0 0 0 0 0 0 0 0 61 0 0 0 0 49 0 0 0 0 0 0 0 23 0 0 0 0 0 39 0 0 20 0 59 0 53 25 0 43 0 27 18 1 0 61 17 0 12 7 4 51 0 35 9 0 0 23 0 0 30 0 28 23 48 50 
0 0 0 0 0 0 0 0 5 0 0 0 0 0 0 0 0 0 0 0 0 27 0 0 0 0 0 34 0 0 40 0 23 41 38 55 0 11 0 0 18 38 23 38 0 3 49 5 57 30 57 6 28 0 0 12 0 60 60 8 28 9 13 0 
0 0 0 0 0 0 0 0 8 0 0 0 0 0 0 60 0 0 0 0 0 38 0 0 0 0 0 12 0 0 45 47 28 41 7 12 0 60 0 27 0 11 0 22 62 0 43 34 41 13 57 2 20 0 0 18 0 60 59 8 28 29 21 0 
0 0 0 0 0 0 0 0 0 0 0 0 0 0 0 0 43 0 0 0 0 32 0 0 0 0 0 39 0 0 28 0 15 41 49 59 37 60 0 0 0 44 0 0 43 0 20 59 21 0 57 16 39 0 0 15 32 60 27 8 0 41 7 50 
0 0 0 0 0 0 0 0 22 0 0 0 0 0 0 0 0 60 0 0 0 10 0 0 0 0 0 10 0 0 41 0 21 0 6 35 0 46 0 0 18 14 23 0 23 3 55 13 12 15 0 61 32 0 0 55 32 0 33 0 28 61 49 0 
0 0 0 0 0 0 0 0 42 0 0 0 0 0 0 0 0 0 39 0 0 60 0 0 0 0 0 52 0 0 26 47 21 0 61 1 0 19 43 27 18 59 23 41 46 3 61 2 54 8 0 62 4 0 23 38 0 60 28 0 28 14 42 50 
0 0 0 0 0 0 0 0 60 0 0 0 0 0 0 0 0 0 0 47 0 1 0 0 0 0 0 7 0 0 54 47 8 41 10 53 0 33 0 27 0 41 23 37 35 0 57 63 12 56 57 17 34 0 23 60 0 60 24 8 0 6 42 50 
0 0 0 0 0 0 0 0 51 0 0 0 0 0 0 0 0 0 0 0 46 56 0 0 0 0 0 0 0 0 13 0 63 41 44 16 0 22 0 0 18 47 0 51 43 0 54 50 7 11 57 47 32 0 0 60 32 60 2 8 28 8 6 50 
0 0 0 0 0 0 0 0 32 0 0 0 0 0 0 0 0 0 0 0 0 41 27 0 0 0 0 4 0 0 59 47 60 0 18 38 37 53 0 0 18 47 0 45 34 3 53 3 59 61 57 41 63 0 0 32 32 60 42 0 0 61 60 0 
0 0 0 0 0 0 0 0 12 0 0 0 0 0 0 0 0 0 0 0 0 18 0 59 0 0 0 35 0 0 33 0 56 41 3 5 37 28 0 0 18 11 0 19 10 0 33 14 52 45 57 49 38 0 23 2 0 0 43 8 0 31 27 0 
0 0 0 0 0 0 0 0 28 0 0 0 0 0 0 0 0 0 0 0 0 43 0 0 2 0 0 44 0 0 0 47 40 41 59 59 0 29 0 27 0 25 23 7 34 3 27 4 47 21 0 2 33 0 0 36 0 0 63 8 0 55 35 0 
0 0 0 0 0 0 0 0 25 0 0 0 0 0 0 0 0 0 0 0 0 55 0 0 0 12 0 46 0 0 18 0 23 0 37 42 0 50 0 0 18 49 23 41 20 0 59 48 16 19 0 61 15 0 23 63 32 60 36 8 28 23 12 50 
0 0 0 0 0 0 0 0 47 0 0 0 0 0 0 0 0 0 0 0 0 52 0 0 0 0 4 39 0 0 6 0 56 41 40 7 37 52 43 27 18 39 0 40 4 0 32 34 30 59 0 59 24 0 0 55 0 60 45 0 0 20 10 50 
0 0 0 0 0 0 0 0 52 0 0 0 0 0 0 0 0 0 0 0 0 43 0 0 0 0 0 45 56 0 17 0 62 41 48 53 37 53 43 27 18 27 23 1 8 0 54 29 38 60 57 31 1 0 23 52 0 0 28 8 28 55 1 0 
0 0 0 0 0 0 0 0 1 0 0 0 0 0 0 0 0 0 0 0 0 1 0 0 0 0 0 1 0 14 16 47 1 41 49 52 0 52 0 27 18 26 23 25 1 0 1 1 1 1 0 1 42 0 23 1 0 0 29 0 28 1 31 0 
0 0 0 0 0 0 0 0 0 53 3 0 0 0 0 0 0 0 0 0 0 25 0 0 0 0 0 53 0 0 15 8 0 36 0 2 49 36 0 51 0 47 25 45 53 47 61 35 50 41 4 0 0 0 1 2 14 36 13 42 33 39 30 0 
0 0 0 0 0 0 0 0 0 28 0 58 0 0 0 0 0 0 0 0 0 44 0 0 0 0 0 7 0 0 45 8 0 0 0 12 0 36 45 50 0 42 57 4 56 0 41 13 0 21 8 49 30 9 1 7 21 60 14 0 56 56 8 0 
0 0 0 0 0 0 0 0 0 25 0 0 40 0 0 0 0 0 0 0 0 55 0 0 0 0 0 30 0 0 57 8 7 0 0 20 0 36 39 23 59 5 25 12 3 0 6 21 0 23 6 49 0 0 1 58 49 1 55 0 0 57 40 45 
0 0 0 0 0 0 0 0 0 55 0 0 0 46 0 0 0 0 0 0 0 23 0 0 0 0 0 39 0 0 20 0 7 0 0 25 0 0 58 59 59 34 53 18 11 0 12 20 50 24 16 0 0 0 0 23 14 59 51 0 18 23 48 45 
0 0 0 0 0 0 0 0 0 15 0 0 0 0 9 0 0 0 0 0 0 27 0 0 0 0 0 34 0 0 40 0 0 36 0 26 0 0 29 38 59 38 12 38 0 47 49 5 0 53 35 49 30 9 0 18 33 1 17 42 1 11 41 0 
0 0 0 0 0 0 0 0 0 43 0 0 0 0 0 6 0 0 0 0 0 38 0 0 0 0 0 49 0 0 56 8 0 36 0 12 0 36 10 7 0 40 61 57 36 0 43 34 0 13 16 0 0 0 0 12 29 39 22 42 49 29 49 0 
0 0 0 0 0 0 0 0 0 52 0 0 0 0 0 0 60 0 0 0 0 32 0 0 0 0 0 26 0 0 28 0 0 36 0 59 49 0 39 40 0 44 45 47 43 0 20 59 50 43 30 0 30 9 0 17 31 38 27 42 50 41 7 45 
0 0 0 0 0 0 0 0 0 61 0 0 0 0 0 0 0 18 0 0 0 32 0 0 0 0 0 10 0 0 41 0 7 0 0 35 0 0 42 60 59 45 9 47 13 47 55 13 0 36 54 0 0 0 0 55 3 63 33 0 43 63 49 0 
0 0 0 0 0 0 0 0 0 46 0 0 0 0 0 0 0 0 28 0 0 60 0 0 0 0 0 52 0 0 15 8 7 0 0 44 0 0 3 27 59 24 34 41 46 47 61 17 0 8 16 49 30 9 1 56 5 38 49 0 38 14 14 45 
0 0 0 0 0 0 0 0 0 10 0 0 0 0 0 0 0 0 0 20 0 43 0 0 0 0 0 58 0 0 54 8 0 36 0 24 0 0 4 13 0 10 10 37 57 0 57 44 0 56 21 49 0 0 1 60 2 21 24 42 11 6 42 45 
0 0 0 0 0 0 0 0 0 46 0 0 0 0 0 0 0 0 0 0 51 18 0 0 0 0 0 0 0 0 24 0 0 36 0 16 0 0 59 60 59 12 61 51 43 0 54 33 50 11 51 49 0 0 0 34 16 22 47 42 51 10 6 45 
0 0 0 0 0 0 0 0 0 16 0 0 0 0 0 0 0 0 0 0 0 41 50 0 0 0 0 4 0 0 46 8 0 0 0 38 49 0 43 33 59 47 17 45 56 47 53 3 50 22 4 0 30 9 0 62 11 7 42 0 56 63 24 0 
0 0 0 0 0 0 0 0 0 27 0 0 0 0 0 0 0 0 0 0 0 18 0 57 0 0 0 35 0 0 33 0 7 36 0 5 49 0 31 14 59 40 12 60 10 0 33 14 0 45 49 0 0 0 1 28 42 48 43 42 4 31 63 0 
0 0 0 0 0 0 0 0 0 42 0 0 0 0 0 0 0 0 0 0 0 43 0 0 21 0 0 44 0 0 21 8 7 36 0 59 0 36 54 5 0 25 42 40 56 47 27 23 50 62 45 49 30 0 0 36 43 7 63 42 14 53 7 0 
0 0 0 0 0 0 0 0 0 27 0 0 0 0 0 0 0 0 0 0 0 55 0 0 0 57 0 46 0 0 18 0 0 0 0 7 0 36 20 49 59 49 53 6 14 0 59 48 0 19 57 0 0 9 1 63 49 30 9 42 51 23 40 45 
0 0 0 0 0 0 0 0 0 9 0 0 0 0 0 0 0 0 0 0 0 52 0 0 0 0 49 26 0 0 19 0 7 36 0 42 49 36 0 11 59 4 37 40 4 0 32 34 50 59 43 49 0 9 0 41 26 8 45 0 61 22 46 45 
0 0 0 0 0 0 0 0 0 20 0 0 0 0 0 0 0 0 0 0 0 43 0 0 0 0 0 45 32 0 4 0 7 36 0 24 49 36 49 56 59 56 55 1 8 0 54 29 0 23 33 49 0 0 1 42 37 3 49 42 38 55 1 0 
0 0 0 0 0 0 0 0 0 1 0 0 0 0 0 0 0 0 0 0 0 1 0 0 0 0 0 1 0 4 5 8 0 36 0 25 0 36 1 57 59 57 54 54 1 0 1 1 0 1 1 0 30 0 1 1 1 1 48 0 39 1 59 0 
0 0 0 0 0 0 0 0 0 0 22 12 0 0 0 0 0 0 0 0 0 53 0 0 0 0 0 53 0 0 0 60 0 2 15 14 58 18 0 1 0 0 57 41 0 5 41 0 18 41 0 9 17 19 46 7 21 24 13 59 33 39 0 0 
0 0 0 0 0 0 0 0 0 0 22 0 10 0 0 0 0 0 0 0 0 46 0 0 0 0 0 53 0 0 0 36 15 50 0 20 4 27 0 23 11 0 25 12 53 27 59 35 32 0 4 9 0 0 47 58 63 1 13 27 33 0 30 19 
0 0 0 0 0 0 0 0 0 0 4 0 0 32 0 0 0 0 0 0 0 23 0 0 0 0 0 0 0 0 0 24 15 61 0 25 10 43 0 8 11 47 53 63 53 2 49 35 7 41 0 0 0 0 13 23 14 59 13 59 33 0 0 19 
0 0 0 0 0 0 0 0 0 0 38 0 0 0 2 0 0 0 0 0 0 27 0 0 0 0 0 0 0 0 0 24 0 8 15 24 23 11 0 38 11 0 21 38 0 23 49 0 57 41 4 9 17 19 28 16 33 37 13 2 33 39 30 0 
0 0 0 0 0 0 0 0 0 0 62 0 0 0 0 52 0 0 0 0 0 38 0 0 0 0 0 53 0 0 15 0 0 43 15 12 60 12 0 52 0 47 61 20 53 27 22 0 41 0 4 0 0 0 38 14 29 3 13 17 33 0 30 0 
0 0 0 0 0 0 0 0 0 0 57 0 0 0 0 0 26 0 0 0 0 32 0 0 0 0 0 53 0 0 0 3 0 21 0 59 49 60 0 40 0 0 45 2 0 3 41 0 22 41 4 0 17 19 34 19 17 2 0 45 0 0 0 19 
0 0 0 0 0 0 0 0 0 0 59 0 0 0 0 0 0 48 0 0 0 57 0 0 0 0 0 0 0 0 0 43 15 18 15 35 0 46 0 60 11 47 16 2 53 51 10 0 12 41 0 0 0 0 8 55 13 63 0 41 33 39 0 0 
0 0 0 0 0 0 0 0 0 0 2 0 0 0 0 0 0 0 18 0 0 60 0 0 0 0 0 0 0 0 15 45 15 54 0 46 56 19 0 40 11 47 59 41 0 45 0 35 54 0 0 9 17 19 5 58 5 2 13 50 33 0 30 19 
0 0 0 0 0 0 0 0 0 0 56 0 0 0 0 0 0 0 0 32 0 50 0 0 0 0 0 53 0 0 0 25 0 41 0 26 23 33 0 62 0 47 19 37 53 25 4 35 12 0 4 9 0 0 50 60 2 49 0 58 0 0 0 19 
0 0 0 0 0 0 0 0 0 0 35 0 0 0 0 0 0 0 0 0 2 11 0 0 0 0 0 0 0 0 15 12 0 11 15 16 47 22 0 60 11 47 61 51 0 16 11 35 4 0 4 9 0 0 55 32 30 50 13 39 33 39 0 19 
0 0 0 0 0 0 0 0 0 0 14 0 0 0 0 0 0 0 0 0 0 41 36 0 0 0 0 0 0 0 15 53 0 62 15 38 60 53 0 33 11 0 17 45 53 59 53 0 56 41 4 0 17 19 28 60 5 35 0 11 0 39 30 0 
0 0 0 0 0 0 0 0 0 0 60 0 0 0 0 0 0 0 0 0 0 18 0 48 0 0 0 0 0 0 0 15 15 49 15 5 14 28 0 14 11 47 12 17 0 22 33 0 52 0 4 0 0 0 41 30 42 48 0 60 0 0 30 0 
0 0 0 0 0 0 0 0 0 0 30 0 0 0 0 0 0 0 0 0 0 43 0 0 3 0 0 0 0 0 15 16 15 18 0 59 18 45 0 54 0 0 51 5 53 49 27 35 44 41 0 9 17 0 32 36 43 7 0 33 0 39 30 0 
0 0 0 0 0 0 0 0 0 0 53 0 0 0 0 0 0 0 0 0 0 55 0 0 0 10 0 0 0 0 0 43 0 33 15 5 47 2 0 49 11 0 44 43 53 24 59 0 16 0 0 0 0 19 48 63 63 58 13 32 33 0 30 19 
0 0 0 0 0 0 0 0 0 0 33 0 0 0 0 0 0 0 0 0 0 52 0 0 0 0 19 53 0 0 15 60 15 37 0 40 38 4 0 56 11 47 37 40 0 30 32 0 29 0 0 9 0 19 31 43 26 44 0 59 0 39 30 19 
0 0 0 0 0 0 0 0 0 0 36 0 0 0 0 0 0 0 0 0 0 43 0 0 0 0 0 0 31 0 15 1 15 28 15 26 55 5 0 11 11 47 46 1 0 25 54 0 38 41 4 9 0 0 0 40 37 3 13 52 33 0 0 0 
0 0 0 0 0 0 0 0 0 0 1 0 0 0 0 0 0 0 0 0 0 1 0 0 0 0 0 0 0 46 15 14 0 29 15 27 1 4 0 10 11 47 47 27 0 1 1 0 1 0 0 0 17 0 1 1 1 1 13 1 33 0 30 0 
0 0 0 0 0 0 0 0 0 0 0 37 29 0 0 0 0 0 0 0 0 27 0 0 0 0 0 25 0 0 0 24 1 0 8 20 0 9 39 23 54 0 0 12 56 0 41 13 0 23 8 56 53 40 1 0 21 1 57 0 56 57 8 45 
0 0 0 0 0 0 0 0 0 0 0 9 0 5 0 0 0 0 0 0 0 23 0 0 0 0 0 39 0 0 0 24 1 0 53 25 0 43 58 9 54 42 0 22 56 0 41 13 18 13 0 35 9 15 13 0 0 59 61 0 42 23 0 45 
0 0 0 0 0 0 0 0 0 0 0 45 0 0 35 0 0 0 0 0 0 27 0 0 0 0 0 34 0 0 0 24 0 2 31 22 0 11 29 38 54 0 57 38 0 5 0 0 0 32 8 2 47 58 28 7 0 61 31 59 57 51 8 0 
0 0 0 0 0 0 0 0 0 0 0 39 0 0 0 21 0 0 0 0 0 38 0 0 0 0 0 54 0 0 45 60 0 2 62 12 0 30 10 53 0 42 0 61 56 0 41 0 0 13 8 2 20 57 38 7 0 27 24 59 9 29 8 0 
0 0 0 0 0 0 0 0 0 0 0 33 0 0 0 0 27 0 0 0 0 32 0 0 0 0 0 29 0 0 0 3 0 2 49 59 58 60 39 40 0 0 0 43 0 0 41 0 18 62 8 16 20 23 34 7 21 26 27 59 50 41 0 45 
0 0 0 0 0 0 0 0 0 0 0 55 0 0 0 0 0 21 0 0 0 12 0 0 0 0 0 10 0 0 0 43 1 0 63 35 0 46 42 60 54 42 57 43 56 5 41 0 0 49 0 61 32 26 8 0 21 63 33 0 19 7 0 0 
0 0 0 0 0 0 0 0 0 0 0 25 0 0 0 0 0 0 57 0 0 60 0 0 0 0 0 52 0 0 45 17 1 0 61 32 0 19 46 41 54 42 57 41 0 5 41 13 0 8 0 58 55 62 43 7 0 26 63 0 30 14 8 45 
0 0 0 0 0 0 0 0 0 0 0 9 0 0 0 0 0 0 0 59 0 7 0 0 0 0 0 61 0 0 0 37 0 2 10 20 0 33 4 63 0 42 57 37 56 0 41 13 0 56 8 21 34 20 28 0 0 41 24 59 11 6 0 45 
0 0 0 0 0 0 0 0 0 0 0 46 0 0 0 0 0 0 0 0 57 62 0 0 0 0 0 0 0 0 45 12 0 2 21 16 0 22 59 60 54 42 0 51 0 0 41 13 18 11 8 43 32 10 55 7 21 42 33 59 11 50 0 45 
0 0 0 0 0 0 0 0 0 0 0 13 0 0 0 0 0 0 0 0 0 41 13 0 0 0 0 4 0 0 45 9 0 0 43 38 58 53 43 33 54 0 0 45 56 5 0 0 18 3 8 41 12 50 28 7 21 59 42 0 56 7 8 0 
0 0 0 0 0 0 0 0 0 0 0 14 0 0 0 0 0 0 0 0 0 18 0 51 0 0 0 35 0 0 0 15 1 2 58 5 58 28 31 14 54 42 0 56 0 0 0 0 0 45 8 49 38 27 7 7 0 48 43 59 4 31 8 0 
0 0 0 0 0 0 0 0 0 0 0 24 0 0 0 0 0 0 0 0 0 43 0 0 9 0 0 44 0 0 45 44 1 2 59 59 0 63 54 55 0 0 57 44 56 5 0 13 18 43 0 6 18 10 32 0 0 7 63 59 14 13 8 0 
0 0 0 0 0 0 0 0 0 0 0 48 0 0 0 0 0 0 0 0 0 55 0 0 0 21 0 46 0 0 0 43 0 0 28 11 0 16 20 49 54 0 57 2 56 0 0 0 0 19 0 61 15 6 30 0 21 34 7 59 11 23 8 45 
0 0 0 0 0 0 0 0 0 0 0 34 0 0 0 0 0 0 0 0 0 52 0 0 0 0 52 29 0 0 45 60 1 2 40 38 58 22 45 57 54 42 0 40 0 0 0 0 18 59 0 63 24 57 31 7 0 52 45 0 61 46 8 45 
0 0 0 0 0 0 0 0 0 0 0 8 0 0 0 0 0 0 0 0 0 43 0 0 0 0 0 45 48 0 45 1 1 2 9 20 58 23 28 10 54 42 57 1 0 0 0 0 0 2 8 27 1 12 46 7 0 3 63 59 30 55 0 0 
0 0 0 0 0 0 0 0 0 0 0 1 0 0 0 0 0 0 0 0 0 1 0 0 0 0 0 1 0 2 45 50 0 2 8 21 0 22 1 11 54 42 57 50 0 0 0 0 0 1 0 1 25 1 47 0 0 1 62 0 31 1 8 0 
0 0 0 0 0 0 0 0 0 0 0 0 49 5 0 0 0 0 0 0 0 23 0 0 0 0 0 39 0 0 0 24 7 0 0 0 0 43 0 23 20 5 0 12 8 0 10 1 32 23 16 35 0 0 13 0 14 0 4 0 18 0 48 35 
0 0 0 0 0 0 0 0 0 0 0 0 47 0 9 0 0 0 0 0 0 27 0 0 0 0 0 34 0 0 0 24 23 50 8 20 0 11 0 0 21 0 25 0 0 27 49 5 0 23 37 58 53 40 28 58 33 1 38 27 1 57 1 54 
0 0 0 0 0 0 0 0 0 0 0 0 49 0 0 32 0 0 0 0 0 38 0 0 0 0 0 47 0 0 57 36 28 50 8 0 0 23 0 23 19 5 0 12 39 0 45 34 0 0 22 2 0 0 38 58 29 1 33 27 49 0 25 25 
0 0 0 0 0 0 0 0 0 0 0 0 36 0 0 0 19 0 0 0 0 32 0 0 0 0 0 4 0 0 0 3 15 50 0 0 4 60 0 0 59 0 0 12 43 0 18 59 32 23 24 16 53 40 34 58 46 1 27 27 50 0 7 24 
0 0 0 0 0 0 0 0 0 0 0 0 37 0 0 0 0 42 0 0 0 23 0 0 0 0 0 10 0 0 0 43 41 0 8 0 0 46 0 0 60 5 25 12 14 27 49 13 0 23 54 61 0 0 8 0 50 0 33 0 43 57 49 8 
0 0 0 0 0 0 0 0 0 0 0 0 34 0 0 0 0 0 1 0 0 60 0 0 0 0 0 52 0 0 57 9 41 0 0 20 0 19 39 23 2 5 25 0 46 27 59 4 0 0 16 2 53 40 42 58 5 1 6 0 38 0 38 28 
0 0 0 0 0 0 0 0 0 0 0 0 43 0 0 0 0 0 0 37 0 28 0 0 0 0 0 36 0 0 0 61 8 50 0 20 0 33 0 23 46 5 25 0 58 0 63 57 0 0 19 45 0 0 29 0 2 1 24 27 11 0 42 38 
0 0 0 0 0 0 0 0 0 0 0 0 59 0 0 0 0 0 0 0 47 37 0 0 0 0 0 0 0 0 57 12 63 50 8 0 0 22 0 0 46 5 0 0 43 0 48 52 32 0 53 19 0 0 55 58 33 1 24 27 51 57 6 17 
0 0 0 0 0 0 0 0 0 0 0 0 22 0 0 0 0 0 0 0 0 41 30 0 0 0 0 4 0 0 57 17 60 0 8 0 4 53 0 0 63 0 0 0 59 27 53 3 32 23 2 41 53 40 28 58 58 1 42 0 56 57 48 49 
0 0 0 0 0 0 0 0 0 0 0 0 20 0 0 0 0 0 0 0 0 18 0 47 0 0 0 35 0 0 0 15 4 50 8 0 4 28 0 0 3 5 0 12 10 0 33 14 0 0 55 49 0 0 6 58 42 0 43 27 4 0 23 21 
0 0 0 0 0 0 0 0 0 0 0 0 23 0 0 0 0 0 0 0 0 43 0 0 60 0 0 44 0 0 57 52 20 50 0 0 0 54 0 23 0 0 25 12 59 27 27 2 32 23 45 62 53 0 32 0 43 0 63 27 14 57 47 38 
0 0 0 0 0 0 0 0 0 0 0 0 41 0 0 0 0 0 0 0 0 55 0 0 0 42 0 46 0 0 0 43 23 0 8 20 0 25 0 0 26 0 25 12 13 0 59 48 0 0 57 61 0 40 31 0 0 1 62 27 51 0 0 29 
0 0 0 0 0 0 0 0 0 0 0 0 1 0 0 0 0 0 0 0 0 52 0 0 0 0 24 4 0 0 57 60 4 50 0 20 4 31 39 23 48 5 0 0 4 0 32 34 32 0 43 7 0 40 31 58 26 1 45 0 61 57 6 15 
0 0 0 0 0 0 0 0 0 0 0 0 22 0 0 0 0 0 0 0 0 43 0 0 0 0 0 45 40 0 57 1 2 50 8 20 4 30 39 23 37 5 25 0 8 0 54 29 0 23 39 35 0 0 47 58 37 0 6 27 38 0 1 47 
0 0 0 0 0 0 0 0 0 0 0 0 1 0 0 0 0 0 0 0 0 1 0 0 0 0 0 1 0 4 57 42 1 50 8 20 0 31 0 23 36 5 25 12 1 0 1 1 0 0 1 1 53 0 46 0 1 0 7 0 39 0 19 1 
0 0 0 0 0 0 0 0 0 0 0 0 0 16 28 0 0 0 0 0 0 0 0 0 0 0 0 0 0 0 0 0 23 61 53 25 0 0 0 38 1 38 53 38 0 2 49 5 57 45 16 35 9 15 0 23 0 59 34 59 19 23 48 54 
0 0 0 0 0 0 0 0 0 0 0 0 0 55 0 55 0 0 0 0 0 0 0 0 0 0 0 39 0 0 20 24 28 61 53 0 0 43 0 60 19 10 0 43 47 0 39 34 41 13 16 0 0 0 0 23 0 59 37 59 35 0 48 25 
0 0 0 0 0 0 0 0 0 0 0 0 0 59 0 0 33 0 0 0 0 0 0 0 0 0 0 39 0 0 0 0 15 61 0 0 10 0 0 40 59 44 0 61 43 0 24 59 17 51 16 0 9 15 0 23 14 59 27 59 50 0 0 59 
0 0 0 0 0 0 0 0 0 0 0 0 0 57 0 0 0 49 0 0 0 23 0 0 0 0 0 0 0 0 0 0 46 0 53 0 0 0 0 60 40 15 53 61 6 2 59 13 12 60 0 0 0 0 0 0 14 0 33 0 57 23 0 8 
0 0 0 0 0 0 0 0 0 0 0 0 0 17 0 0 0 0 41 0 0 0 0 0 0 0 0 0 0 0 20 24 46 0 0 25 0 0 58 32 22 58 53 41 46 2 49 5 54 8 0 35 9 15 13 23 0 59 2 0 52 0 48 63 
0 0 0 0 0 0 0 0 0 0 0 0 0 10 0 0 0 0 0 44 0 23 0 0 0 0 0 39 0 0 0 24 8 61 0 25 0 0 0 54 46 40 53 37 50 0 53 56 12 56 16 35 0 0 13 0 0 59 24 59 11 0 0 5 
0 0 0 0 0 0 0 0 0 0 0 0 0 55 0 0 0 0 0 0 26 23 0 0 0 0 0 0 0 0 20 0 63 61 53 0 0 0 0 60 58 46 0 51 43 0 58 53 3 11 16 35 0 0 0 23 14 59 28 59 33 23 0 50 
0 0 0 0 0 0 0 0 0 0 0 0 0 27 0 0 0 0 0 0 0 0 32 0 0 0 0 0 0 0 20 24 60 0 53 0 10 0 0 33 43 47 0 45 51 2 53 3 63 14 16 0 9 15 0 23 14 59 42 0 56 23 48 49 
0 0 0 0 0 0 0 0 0 0 0 0 0 62 0 0 0 0 0 0 0 0 0 42 0 0 0 0 0 0 0 0 3 61 53 0 10 0 0 14 23 10 0 46 10 0 33 14 52 45 16 0 0 0 13 23 0 0 43 59 4 0 48 21 
0 0 0 0 0 0 0 0 0 0 0 0 0 26 0 0 0 0 0 0 0 0 0 0 11 0 0 0 0 0 20 24 19 61 0 0 0 43 0 62 0 25 53 58 51 2 27 3 43 38 0 35 9 0 0 0 0 0 63 59 14 23 48 38 
0 0 0 0 0 0 0 0 0 0 0 0 0 8 0 0 0 0 0 0 0 0 0 0 0 46 0 0 0 0 0 0 23 0 53 25 0 43 0 49 14 49 53 20 5 0 59 48 16 19 0 0 0 15 13 0 14 59 58 59 33 0 48 62 
0 0 0 0 0 0 0 0 0 0 0 0 0 6 0 0 0 0 0 0 0 0 0 0 0 0 30 39 0 0 20 0 3 61 0 25 10 43 58 48 36 38 0 40 4 0 32 34 26 59 0 35 0 15 0 23 0 59 45 0 61 23 48 44 
0 0 0 0 0 0 0 0 0 0 0 0 0 1 0 0 0 0 0 0 0 0 0 0 0 0 0 0 40 0 20 0 5 61 53 25 10 43 58 3 49 26 53 1 8 0 54 29 38 15 16 35 0 0 13 23 0 0 2 59 52 0 0 47 
0 0 0 0 0 0 0 0 0 0 0 0 0 0 0 0 0 0 0 0 0 0 0 0 0 0 0 0 0 57 20 24 1 61 53 25 0 43 0 2 48 27 53 36 1 0 1 1 1 1 0 0 9 0 13 0 0 0 3 0 53 0 48 1 
0 0 0 0 0 0 0 0 0 0 0 0 0 0 62 27 0 0 0 0 0 0 0 0 0 0 0 34 0 0 40 24 0 35 33 12 0 11 0 38 19 38 61 38 0 27 49 0 0 13 51 2 20 57 0 30 0 38 7 19 48 29 24 0 
0 0 0 0 0 0 0 0 0 0 0 0 0 0 20 0 41 0 0 0 0 0 0 0 0 0 0 34 0 0 0 0 0 29 49 59 23 0 0 0 59 0 45 38 0 3 49 0 57 30 61 16 59 45 0 3 33 39 27 47 50 41 7 54 
0 0 0 0 0 0 0 0 0 0 0 0 0 0 37 0 0 54 0 0 0 27 0 0 0 0 0 0 0 0 0 0 23 18 32 35 0 0 0 0 41 38 5 38 0 36 49 0 0 17 54 61 32 26 0 55 33 63 33 41 42 52 49 0 
0 0 0 0 0 0 0 0 0 0 0 0 0 0 25 0 0 0 32 0 0 0 0 0 0 0 0 0 0 0 40 24 23 54 61 54 0 0 29 38 23 38 46 0 0 58 49 5 0 8 16 56 24 4 28 42 0 39 32 50 39 14 39 54 
0 0 0 0 0 0 0 0 0 0 0 0 0 0 45 0 0 0 0 13 0 27 0 0 0 0 0 34 0 0 0 24 0 33 10 2 0 0 0 38 46 38 6 0 0 25 49 5 0 56 54 23 34 20 28 60 0 20 24 56 11 6 42 54 
0 0 0 0 0 0 0 0 0 0 0 0 0 0 44 0 0 0 0 0 8 27 0 0 0 0 0 0 0 0 40 0 0 3 10 16 0 0 0 0 59 38 61 0 0 16 49 5 57 11 16 41 32 10 0 48 33 23 62 37 50 1 6 54 
0 0 0 0 0 0 0 0 0 0 0 0 0 0 56 0 0 0 0 0 0 0 22 0 0 0 0 0 0 0 40 24 0 62 52 38 23 0 0 0 42 0 17 0 0 44 0 0 57 35 39 41 35 8 0 44 33 6 42 11 56 52 49 0 
0 0 0 0 0 0 0 0 0 0 0 0 0 0 46 0 0 0 0 0 0 0 0 2 0 0 0 0 0 0 0 0 23 57 37 5 23 0 0 0 22 38 12 38 0 22 0 0 0 45 18 49 38 27 28 14 0 48 43 62 4 31 22 0 
0 0 0 0 0 0 0 0 0 0 0 0 0 0 33 0 0 0 0 0 0 0 0 0 34 0 0 0 0 0 40 24 23 26 59 59 0 11 0 38 0 0 38 38 0 38 0 5 57 11 45 4 61 10 0 36 0 7 63 35 14 62 46 0 
0 0 0 0 0 0 0 0 0 0 0 0 0 0 14 0 0 0 0 0 0 0 0 0 0 47 0 0 0 0 0 0 0 33 3 29 0 11 0 0 15 0 57 38 0 24 0 0 0 19 57 61 15 60 28 63 33 31 24 34 50 23 1 54 
0 0 0 0 0 0 0 0 0 0 0 0 0 0 15 0 0 0 0 0 0 0 0 0 0 0 11 34 0 0 40 0 23 45 40 48 23 11 29 38 37 38 37 0 0 30 0 0 57 59 43 61 24 3 0 59 0 9 45 59 61 29 7 54 
0 0 0 0 0 0 0 0 0 0 0 0 0 0 38 0 0 0 0 0 0 0 0 0 0 0 0 0 55 0 40 0 23 20 22 2 23 11 29 38 48 38 59 0 0 25 0 0 0 34 2 25 1 12 28 56 0 3 32 54 39 55 1 0 
0 0 0 0 0 0 0 0 0 0 0 0 0 0 1 0 0 0 0 0 0 0 0 0 0 0 0 0 0 22 40 24 0 21 23 3 0 11 0 38 49 38 58 38 0 1 0 0 0 1 1 1 54 1 28 1 0 1 33 1 38 1 18 0 
0 0 0 0 0 0 0 0 0 0 0 0 0 0 0 31 45 0 0 0 0 0 0 0 0 0 0 43 0 0 28 3 0 62 49 0 60 60 0 40 0 44 0 22 43 0 63 0 41 13 14 0 20 57 0 29 29 1 27 60 50 0 7 25 
0 0 0 0 0 0 0 0 0 0 0 0 0 0 0 10 0 4 0 0 0 38 0 0 0 0 0 10 0 0 41 43 28 18 1 0 0 46 0 60 19 5 61 22 41 27 28 0 0 13 54 0 0 0 0 55 29 63 33 41 26 29 49 0 
0 0 0 0 0 0 0 0 0 0 0 0 0 0 0 50 0 0 30 0 0 0 0 0 0 0 0 52 0 0 55 45 28 54 61 12 0 19 10 28 19 48 61 41 46 27 22 34 0 0 16 2 20 57 38 52 0 1 39 50 23 0 63 25 
0 0 0 0 0 0 0 0 0 0 0 0 0 0 0 44 0 0 0 32 0 38 0 0 0 0 0 11 0 0 54 25 0 2 10 12 0 33 0 10 0 34 61 37 29 0 18 34 0 0 5 2 0 0 38 60 0 50 24 43 11 0 42 25 
0 0 0 0 0 0 0 0 0 0 0 0 0 0 0 15 0 0 0 0 31 38 0 0 0 0 0 0 0 0 32 12 0 32 43 0 0 22 0 60 19 36 0 51 43 0 29 34 41 0 35 2 0 0 0 46 29 49 57 54 2 29 6 25 
0 0 0 0 0 0 0 0 0 0 0 0 0 0 0 17 0 0 0 0 0 0 50 0 0 0 0 4 0 0 22 53 0 62 21 0 60 53 0 33 19 47 0 45 28 27 53 0 41 13 20 0 20 57 0 50 29 32 42 11 56 29 41 0 
0 0 0 0 0 0 0 0 0 0 0 0 0 0 0 9 0 0 0 0 0 0 0 22 0 0 0 35 0 0 33 15 28 26 4 0 60 28 0 14 19 0 0 5 10 0 33 0 0 0 33 0 0 0 38 16 0 48 43 45 4 0 14 0 
0 0 0 0 0 0 0 0 0 0 0 0 0 0 0 19 0 0 0 0 0 0 0 0 49 0 0 44 0 0 45 16 28 57 59 0 0 33 0 2 0 25 61 17 28 27 27 34 41 13 45 2 20 0 0 36 0 7 63 48 14 29 54 0 
0 0 0 0 0 0 0 0 0 0 0 0 0 0 0 30 0 0 0 0 0 0 0 0 0 18 0 46 0 0 18 43 0 33 34 12 0 14 0 49 19 49 61 63 42 0 59 0 0 0 57 0 0 57 38 63 29 57 31 49 2 0 25 25 
0 0 0 0 0 0 0 0 0 0 0 0 0 0 0 18 0 0 0 0 0 0 0 0 0 0 20 43 0 0 43 60 28 14 40 12 60 8 10 12 19 44 0 40 4 0 32 0 41 0 43 2 0 57 0 37 0 47 45 59 61 29 31 25 
0 0 0 0 0 0 0 0 0 0 0 0 0 0 0 15 0 0 0 0 0 0 0 0 0 0 0 45 7 0 60 1 28 55 55 12 60 9 10 63 19 16 61 1 8 0 54 0 0 13 49 2 0 0 38 38 0 3 39 37 23 0 1 0 
0 0 0 0 0 0 0 0 0 0 0 0 0 0 0 1 0 0 0 0 0 0 0 0 0 0 0 1 0 41 61 14 0 54 54 12 0 8 0 62 19 17 61 15 1 0 1 0 0 0 1 0 20 0 38 1 0 1 38 1 22 0 10 0 
0 0 0 0 0 0 0 0 0 0 0 0 0 0 0 0 43 15 0 0 0 32 0 0 0 0 0 10 0 0 0 0 15 18 49 0 0 0 0 0 59 44 45 0 43 3 35 0 12 15 54 0 32 26 0 55 28 63 0 41 50 41 0 8 
0 0 0 0 0 0 0 0 0 0 0 0 0 0 0 0 24 0 27 0 0 0 0 0 0 0 0 52 0 0 28 3 15 54 0 59 56 0 39 40 59 44 45 41 0 3 41 59 54 8 16 16 35 41 34 41 5 0 27 50 50 0 7 4 
0 0 0 0 0 0 0 0 0 0 0 0 0 0 0 0 48 0 0 6 0 32 0 0 0 0 0 32 0 0 0 3 0 60 0 59 23 0 0 40 0 44 45 37 43 0 45 59 12 56 11 16 34 20 34 60 2 51 0 23 0 0 0 62 
0 0 0 0 0 0 0 0 0 0 0 0 0 0 0 0 58 0 0 0 51 32 0 0 0 0 0 0 0 0 28 0 0 30 49 0 47 0 0 0 59 44 0 51 0 0 34 59 18 11 45 16 32 10 0 51 15 48 27 10 50 41 0 9 
0 0 0 0 0 0 0 0 0 0 0 0 0 0 0 0 35 0 0 0 0 0 47 0 0 0 0 4 0 0 28 3 0 62 49 0 13 0 0 0 59 0 0 45 43 3 53 0 46 61 26 0 24 37 0 47 20 33 0 11 0 41 7 49 
0 0 0 0 0 0 0 0 0 0 0 0 0 0 0 0 27 0 0 0 0 0 0 18 0 0 0 35 0 0 0 0 15 36 49 0 63 0 0 0 59 44 0 19 0 0 33 0 52 45 47 0 38 27 34 13 42 48 0 17 0 0 7 21 
0 0 0 0 0 0 0 0 0 0 0 0 0 0 0 0 15 0 0 0 0 0 0 0 15 0 0 44 0 0 28 3 15 7 0 0 18 60 0 40 0 0 45 7 43 3 27 59 58 21 45 16 6 10 0 36 43 7 0 12 0 41 7 38 
0 0 0 0 0 0 0 0 0 0 0 0 0 0 0 0 25 0 0 0 0 0 0 0 0 58 0 46 0 0 0 0 0 33 49 59 47 60 0 0 59 0 45 41 43 0 59 0 16 19 57 0 15 17 34 63 46 56 27 13 50 0 7 5 
0 0 0 0 0 0 0 0 0 0 0 0 0 0 0 0 39 0 0 0 0 0 0 0 0 0 52 0 0 0 28 0 15 48 0 59 23 60 39 40 59 44 0 40 0 0 32 0 11 59 43 16 24 46 0 56 26 46 0 59 0 41 7 23 
0 0 0 0 0 0 0 0 0 0 0 0 0 0 0 0 33 0 0 0 0 0 0 0 0 0 0 45 52 0 28 0 15 9 49 59 6 60 39 40 59 44 45 1 0 0 54 0 38 60 63 16 1 12 34 59 37 3 27 25 50 0 0 47 
0 0 0 0 0 0 0 0 0 0 0 0 0 0 0 0 1 0 0 0 0 0 0 0 0 0 0 1 0 55 28 3 0 8 49 59 1 60 0 40 59 44 45 25 0 0 1 0 1 1 1 0 13 1 34 1 1 1 27 1 50 0 7 1 
0 0 0 0 0 0 0 0 0 0 0 0 0 0 0 0 0 63 49 0 0 60 0 0 0 0 0 0 0 0 41 43 0 0 61 35 0 0 42 60 62 53 43 41 46 30 10 13 0 8 0 61 32 26 8 55 5 63 33 0 13 14 49 8 
0 0 0 0 0 0 0 0 0 0 0 0 0 0 0 0 0 27 0 5 0 11 0 0 0 0 0 10 0 0 0 43 8 18 10 35 0 0 0 60 46 39 3 37 52 25 14 13 0 56 54 61 0 0 8 0 2 63 0 41 11 6 0 8 
0 0 0 0 0 0 0 0 0 0 0 0 0 0 0 0 0 30 0 0 3 50 0 0 0 0 0 0 0 0 41 0 63 18 42 0 0 0 0 0 18 33 61 51 43 16 1 13 12 11 54 61 0 0 0 55 19 63 33 41 24 53 0 8 
0 0 0 0 0 0 0 0 0 0 0 0 0 0 0 0 0 4 0 0 0 41 48 0 0 0 0 0 0 0 41 43 60 0 20 0 0 0 0 0 3 47 17 45 53 8 53 0 12 50 54 0 32 26 0 55 8 63 0 0 56 0 49 0 
0 0 0 0 0 0 0 0 0 0 0 0 0 0 0 0 0 42 0 0 0 18 0 3 0 0 0 0 0 0 0 0 45 18 5 0 0 0 0 0 63 5 12 19 10 22 33 0 0 45 54 0 0 0 8 55 42 0 0 41 4 31 49 0 
0 0 0 0 0 0 0 0 0 0 0 0 0 0 0 0 0 26 0 0 0 43 0 0 33 0 0 0 0 0 41 43 61 18 59 0 0 46 0 60 0 25 35 7 53 2 27 13 12 26 0 61 32 0 0 0 43 0 0 41 14 10 49 0 
0 0 0 0 0 0 0 0 0 0 0 0 0 0 0 0 0 45 0 0 0 55 0 0 0 11 0 0 0 0 0 0 23 0 35 35 0 46 0 0 38 49 60 41 3 24 59 0 0 19 0 0 0 26 8 0 50 63 33 41 24 23 49 8 
0 0 0 0 0 0 0 0 0 0 0 0 0 0 0 0 0 46 0 0 0 52 0 0 0 0 33 10 0 0 41 0 45 18 40 35 0 46 42 60 12 41 37 40 4 30 32 0 12 59 0 61 0 26 0 55 26 63 0 0 61 41 49 8 
0 0 0 0 0 0 0 0 0 0 0 0 0 0 0 0 0 39 0 0 0 43 0 0 0 0 0 0 7 0 41 0 43 18 54 35 0 46 42 60 25 21 62 1 8 25 54 0 0 51 54 61 0 0 8 55 37 0 33 41 13 55 0 0 
0 0 0 0 0 0 0 0 0 0 0 0 0 0 0 0 0 1 0 0 0 1 0 0 0 0 0 0 0 3 41 43 1 18 55 35 0 46 0 60 24 20 63 25 1 1 1 0 0 1 0 0 32 0 8 0 1 0 33 0 12 1 49 0 
0 0 0 0 0 0 0 0 0 0 0 0 0 0 0 0 0 0 8 57 0 60 0 0 0 0 0 52 0 0 54 52 8 54 0 52 0 0 4 22 46 18 40 0 46 25 4 61 0 0 16 47 34 20 55 60 0 51 24 50 11 0 42 58 
0 0 0 0 0 0 0 0 0 0 0 0 0 0 0 0 0 0 14 0 56 60 0 0 0 0 0 0 0 0 23 12 63 54 61 16 0 0 59 60 44 20 61 0 0 16 11 48 54 0 16 17 32 10 55 26 5 48 30 50 21 14 6 13 
0 0 0 0 0 0 0 0 0 0 0 0 0 0 0 0 0 0 14 0 0 0 12 0 0 0 0 0 0 0 33 24 60 0 61 38 56 0 43 33 61 47 17 0 46 22 53 3 54 8 16 41 59 12 28 6 5 33 42 0 56 14 22 49 
0 0 0 0 0 0 0 0 0 0 0 0 0 0 0 0 0 0 24 0 0 0 0 44 0 0 0 0 0 0 33 15 45 54 61 5 56 0 31 14 1 48 12 41 0 22 33 14 0 0 16 49 38 27 44 36 0 48 43 50 4 0 49 21 
0 0 0 0 0 0 0 0 0 0 0 0 0 0 0 0 0 0 37 0 0 0 0 0 56 0 0 0 0 0 26 61 61 54 0 59 0 19 54 30 0 25 8 41 46 28 27 6 54 8 0 60 37 10 32 36 0 7 63 50 14 14 9 38 
0 0 0 0 0 0 0 0 0 0 0 0 0 0 0 0 0 0 5 0 0 0 0 0 0 33 0 0 0 0 18 43 23 0 61 43 0 19 20 49 24 49 23 41 46 24 59 48 0 0 0 61 15 56 53 63 5 56 56 50 21 0 38 1 
0 0 0 0 0 0 0 0 0 0 0 0 0 0 0 0 0 0 50 0 0 0 0 0 0 0 62 52 0 0 28 60 45 54 0 6 56 19 3 16 50 28 37 0 0 30 32 34 54 0 0 5 24 7 31 17 0 46 45 0 61 14 32 19 
0 0 0 0 0 0 0 0 0 0 0 0 0 0 0 0 0 0 9 0 0 0 0 0 0 0 0 0 45 0 11 1 43 54 61 52 56 19 50 35 39 32 21 0 0 25 54 29 0 8 16 33 1 12 5 18 0 3 0 50 0 0 1 47 
0 0 0 0 0 0 0 0 0 0 0 0 0 0 0 0 0 0 1 0 0 0 0 0 0 0 0 0 0 4 10 35 1 54 61 53 0 19 1 34 38 33 20 41 0 1 1 1 0 0 0 1 46 1 4 1 0 1 1 0 1 0 53 1 
0 0 0 0 0 0 0 0 0 0 0 0 0 0 0 0 0 0 0 27 49 57 0 0 0 0 0 0 0 0 54 12 0 34 10 16 0 0 0 60 46 6 61 0 43 0 15 13 12 0 38 62 0 0 55 60 2 3 24 29 11 6 0 55 
0 0 0 0 0 0 0 0 0 0 0 0 0 0 0 0 0 0 0 31 0 41 43 0 0 0 0 4 0 0 54 44 0 62 10 38 23 0 0 33 46 47 17 0 1 25 53 3 12 56 17 41 34 20 28 60 2 18 0 11 0 6 42 49 
0 0 0 0 0 0 0 0 0 0 0 0 0 0 0 0 0 0 0 35 0 18 0 31 0 0 0 35 0 0 0 15 8 24 10 5 23 0 0 14 46 34 12 37 10 0 33 14 0 0 36 49 0 0 27 60 0 48 0 6 0 0 42 21 
0 0 0 0 0 0 0 0 0 0 0 0 0 0 0 0 0 0 0 37 0 43 0 0 60 0 0 44 0 0 54 9 8 59 0 59 0 33 0 8 0 25 32 37 1 25 27 59 12 56 45 19 34 0 32 0 0 7 0 27 0 6 42 38 
0 0 0 0 0 0 0 0 0 0 0 0 0 0 0 0 0 0 0 28 0 55 0 0 0 35 0 46 0 0 0 43 0 33 10 31 0 33 0 49 46 49 63 37 55 0 59 48 0 0 57 61 0 20 2 0 2 11 24 26 11 0 42 59 
0 0 0 0 0 0 0 0 0 0 0 0 0 0 0 0 0 0 0 15 0 52 0 0 0 0 61 32 0 0 54 60 8 12 0 50 23 33 4 6 46 14 37 0 4 0 32 34 12 0 43 42 0 20 31 60 0 29 0 59 0 6 42 41 
0 0 0 0 0 0 0 0 0 0 0 0 0 0 0 0 0 0 0 62 0 43 0 0 0 0 0 45 15 0 54 1 8 53 10 0 23 33 4 53 46 50 61 0 8 0 54 29 0 56 52 14 0 0 50 60 0 3 24 14 11 0 0 47 
0 0 0 0 0 0 0 0 0 0 0 0 0 0 0 0 0 0 0 1 0 1 0 0 0 0 0 1 0 46 54 23 0 52 10 1 0 33 0 52 46 51 60 37 1 0 1 1 0 0 1 1 34 0 51 0 0 1 24 1 11 0 42 1 
0 0 0 0 0 0 0 0 0 0 0 0 0 0 0 0 0 0 0 0 18 41 38 0 0 0 0 0 0 0 54 12 0 62 62 0 47 0 0 0 17 47 0 0 43 16 53 3 60 11 55 41 32 10 0 28 27 17 42 11 56 53 6 49 
0 0 0 0 0 0 0 0 0 0 0 0 0 0 0 0 0 0 0 0 25 18 0 15 0 0 0 0 0 0 33 0 63 58 47 0 47 0 0 0 45 36 0 51 0 0 33 14 52 0 2 49 0 0 55 62 42 48 43 27 4 31 6 21 
0 0 0 0 0 0 0 0 0 0 0 0 0 0 0 0 0 0 0 0 63 43 0 0 56 0 0 0 0 0 13 12 63 25 59 0 0 22 0 60 0 25 61 51 43 16 27 54 40 11 45 45 32 0 0 36 43 7 63 6 14 63 6 38 
0 0 0 0 0 0 0 0 0 0 0 0 0 0 0 0 0 0 0 0 24 55 0 0 0 19 0 0 0 0 18 0 0 33 9 16 0 22 0 0 52 49 61 51 43 0 59 48 16 0 57 61 0 10 55 63 33 8 38 7 0 23 6 12 
0 0 0 0 0 0 0 0 0 0 0 0 0 0 0 0 0 0 0 0 9 52 0 0 0 0 33 0 0 0 11 0 63 46 40 16 47 22 59 60 30 8 0 0 0 0 32 34 25 0 43 20 0 10 0 11 26 30 45 59 61 28 6 30 
0 0 0 0 0 0 0 0 0 0 0 0 0 0 0 0 0 0 0 0 10 43 0 0 0 0 0 0 35 0 28 0 63 23 28 16 47 22 59 60 11 52 61 0 0 0 54 29 38 11 18 48 0 0 55 8 37 3 30 19 21 55 0 47 
0 0 0 0 0 0 0 0 0 0 0 0 0 0 0 0 0 0 0 0 1 1 0 0 0 0 0 0 0 23 29 12 0 22 29 16 0 22 0 60 10 53 61 51 0 0 1 1 1 0 1 1 32 0 55 1 1 1 31 1 20 1 6 1 
0 0 0 0 0 0 0 0 0 0 0 0 0 0 0 0 0 0 0 0 0 0 24 23 0 0 0 0 0 0 33 15 60 62 17 0 50 0 0 0 60 47 0 45 10 22 0 0 52 45 53 0 38 27 28 34 42 48 0 11 0 31 39 0 
0 0 0 0 0 0 0 0 0 0 0 0 0 0 0 0 0 0 0 0 0 0 12 0 5 0 0 0 0 0 59 37 60 62 59 0 18 53 0 33 0 0 17 45 0 10 0 3 20 40 45 41 30 10 0 36 43 7 0 11 0 10 31 0 
0 0 0 0 0 0 0 0 0 0 0 0 0 0 0 0 0 0 0 0 0 0 31 0 0 27 0 0 0 0 18 43 0 0 55 38 47 53 0 0 37 0 17 45 54 24 0 0 16 19 57 0 15 52 28 63 58 25 42 11 56 23 48 49 
0 0 0 0 0 0 0 0 0 0 0 0 0 0 0 0 0 0 0 0 0 0 36 0 0 0 62 4 0 0 61 60 60 62 40 38 26 53 43 33 15 47 0 0 4 30 0 0 37 59 43 41 24 11 0 23 26 15 0 0 0 41 54 49 
0 0 0 0 0 0 0 0 0 0 0 0 0 0 0 0 0 0 0 0 0 0 56 0 0 0 0 0 33 0 42 1 60 62 34 38 11 53 43 33 26 47 17 0 8 25 0 0 38 1 37 41 1 12 28 20 37 3 42 11 56 55 1 0 
0 0 0 0 0 0 0 0 0 0 0 0 0 0 0 0 0 0 0 0 0 0 1 0 0 0 0 0 0 28 43 59 0 62 35 38 1 53 0 33 27 47 17 45 1 1 0 0 1 1 1 0 21 1 28 1 1 1 42 0 56 1 35 0 
0 0 0 0 0 0 0 0 0 0 0 0 0 0 0 0 0 0 0 0 0 0 0 18 45 0 0 0 0 0 33 15 16 35 59 0 18 28 0 14 0 25 12 20 10 22 0 14 52 45 45 49 38 0 32 36 0 0 0 29 0 31 56 0 
0 0 0 0 0 0 0 0 0 0 0 0 0 0 0 0 0 0 0 0 0 0 0 8 0 1 0 0 0 0 0 0 23 33 38 5 47 28 0 0 25 49 12 58 10 0 0 0 0 0 57 0 0 27 25 63 42 48 43 28 4 0 23 21 
0 0 0 0 0 0 0 0 0 0 0 0 0 0 0 0 0 0 0 0 0 0 0 53 0 0 36 35 0 0 33 0 0 20 40 5 40 28 31 14 51 44 0 40 0 0 0 0 52 0 43 49 0 27 31 53 0 48 0 59 0 31 17 21 
0 0 0 0 0 0 0 0 0 0 0 0 0 0 0 0 0 0 0 0 0 0 0 12 0 0 0 0 51 0 33 0 6 45 51 5 57 28 31 14 38 16 12 1 0 0 0 0 0 45 16 49 0 0 41 54 0 0 43 8 4 0 1 0 
0 0 0 0 0 0 0 0 0 0 0 0 0 0 0 0 0 0 0 0 0 0 0 1 0 0 0 0 0 52 33 15 1 44 50 5 1 28 0 14 39 17 12 10 0 0 0 0 0 0 1 0 38 0 40 1 0 0 43 1 4 0 4 0 
0 0 0 0 0 0 0 0 0 0 0 0 0 0 0 0 0 0 0 0 0 0 0 0 11 25 0 0 0 0 18 43 23 33 59 59 0 47 0 49 0 0 31 46 54 24 0 48 16 19 0 61 15 10 32 0 43 7 63 1 14 23 47 38 
0 0 0 0 0 0 0 0 0 0 0 0 0 0 0 0 0 0 0 0 0 0 0 0 53 0 54 44 0 0 6 60 16 55 0 59 18 41 54 14 0 25 37 40 4 30 0 34 49 59 0 57 24 10 0 36 0 7 0 59 0 35 41 38 
0 0 0 0 0 0 0 0 0 0 0 0 0 0 0 0 0 0 0 0 0 0 0 0 43 0 0 0 37 0 17 1 22 14 59 59 18 40 54 61 0 25 29 1 8 25 0 29 38 41 45 29 1 0 32 36 0 0 63 21 14 55 1 0 
0 0 0 0 0 0 0 0 0 0 0 0 0 0 0 0 0 0 0 0 0 0 0 0 1 0 0 0 0 48 16 30 1 15 59 59 0 41 0 60 0 25 28 30 1 1 0 1 1 1 0 1 11 0 32 0 0 0 63 1 14 1 60 0 
0 0 0 0 0 0 0 0 0 0 0 0 0 0 0 0 0 0 0 0 0 0 0 0 0 29 62 46 0 0 18 0 23 33 40 45 47 6 20 49 42 49 37 40 4 0 0 0 16 0 0 61 0 63 31 63 26 22 45 59 61 23 6 18 
0 0 0 0 0 0 0 0 0 0 0 0 0 0 0 0 0 0 0 0 0 0 0 0 0 15 0 0 59 0 18 0 23 33 21 31 47 7 20 49 63 49 2 1 8 0 0 0 0 19 57 61 0 12 48 63 37 3 56 20 21 0 1 47 
0 0 0 0 0 0 0 0 0 0 0 0 0 0 0 0 0 0 0 0 0 0 0 0 0 1 0 0 0 14 18 43 0 33 20 30 0 6 0 49 62 49 3 48 1 0 0 0 0 0 0 0 15 1 49 0 1 1 57 1 20 0 19 1 
0 0 0 0 0 0 0 0 0 0 0 0 0 0 0 0 0 0 0 0 0 0 0 0 0 0 28 45 48 0 23 0 6 57 40 50 17 1 49 51 21 60 37 0 0 0 0 0 38 59 43 36 0 12 31 3 0 3 45 59 61 55 1 47 
0 0 0 0 0 0 0 0 0 0 0 0 0 0 0 0 0 0 0 0 0 0 0 0 0 0 1 1 0 29 22 60 1 56 40 51 1 0 1 50 20 61 37 40 0 0 0 0 1 0 0 1 24 1 31 1 0 1 45 0 61 1 21 1 
0 0 0 0 0 0 0 0 0 0 0 0 0 0 0 0 0 0 0 0 0 0 0 0 0 0 0 0 1 1 1 1 1 1 1 1 1 1 1 1 1 1 1 1 0 0 0 0 0 1 1 1 1 0 1 1 0 0 1 1 1 0 1 0 
