GF64M1
28 52
0 23 7 44 0 4 2 24 15 10 43 41 30 13 40 21 43 11 18 0 14 56 33 39 43 43 40 33 54 52 31 32 41 11 59 37 12 10 5 59 41 29 51 8 20 10 28 52 57 59 46 5 
0 34 37 37 44 40 32 28 5 4 40 35 32 5 19 27 56 48 61 12 48 55 24 52 49 20 41 14 24 58 39 39 57 30 63 42 56 36 19 39 45 62 60 13 2 25 15 19 12 12 48 0 
0 53 34 20 44 40 35 55 12 15 57 47 49 38 54 62 15 15 39 12 38 36 25 37 39 26 5 3 39 42 12 19 15 42 58 39 46 6 24 44 18 5 61 26 21 19 20 21 31 37 9 5 
0 63 36 50 7 19 59 33 54 33 62 55 52 19 63 8 5 56 38 56 55 34 36 51 62 60 63 30 16 18 44 8 27 30 9 57 10 42 57 49 28 14 22 17 8 19 3 15 57 36 10 5 
0 63 36 31 7 33 56 5 60 2 20 2 25 20 36 21 38 24 52 4 27 10 60 40 6 38 32 22 29 36 33 19 24 43 17 16 46 55 59 11 23 7 41 61 61 39 44 11 15 2 27 0 
0 47 49 20 15 9 34 37 10 56 9 49 54 19 10 18 10 0 35 31 57 3 1 57 30 39 12 30 0 8 43 49 37 40 46 3 2 41 55 7 19 34 7 13 24 56 12 35 26 33 44 0 
0 19 10 48 58 12 9 34 7 0 29 38 16 53 27 14 6 28 1 11 25 58 63 54 50 38 44 35 31 30 17 13 23 45 23 46 63 18 24 26 44 62 28 9 8 34 22 46 6 58 45 5 
0 49 47 45 22 51 31 20 48 43 44 48 56 1 59 33 20 16 41 49 52 47 35 23 24 63 51 45 28 5 5 13 20 49 43 58 60 32 20 47 28 40 60 12 26 56 8 9 59 61 16 0 
0 37 55 14 36 15 1 58 44 56 26 40 21 14 26 10 27 52 52 6 44 36 4 15 59 24 61 3 62 2 2 31 25 3 55 62 63 43 62 4 45 49 22 21 62 46 0 18 15 50 27 5 
0 45 3 11 21 56 48 55 8 55 3 11 5 3 1 57 0 12 9 36 18 57 40 24 60 42 27 7 21 27 53 8 1 54 3 0 19 15 14 17 38 31 42 55 54 3 57 38 58 57 22 0 
0 17 56 11 32 13 1 55 26 13 45 6 2 26 20 61 34 53 60 33 51 31 16 30 43 31 31 36 35 53 13 4 46 53 34 58 50 11 49 21 49 8 10 42 62 49 0 5 48 40 25 0 
0 58 4 18 21 41 16 27 14 57 61 4 20 62 33 16 51 21 14 18 4 25 5 58 21 58 51 34 55 61 33 41 56 1 44 6 9 30 4 51 7 24 23 0 39 43 7 51 21 44 60 5 
0 45 3 38 21 38 51 56 2 33 7 39 9 56 45 7 44 23 14 8 14 29 38 62 42 40 14 4 4 8 16 17 13 46 59 17 29 42 59 21 30 13 25 46 35 31 37 48 30 45 28 0 
0 36 26 36 12 60 11 8 37 42 16 47 48 30 31 34 7 27 16 42 58 12 16 39 61 19 9 8 0 40 50 51 15 0 2 39 34 21 57 3 48 62 21 53 13 47 23 59 62 31 36 0 
0 26 19 14 35 16 10 39 60 25 55 57 60 39 3 14 15 13 54 27 31 21 46 47 4 52 36 48 12 4 25 28 2 55 12 20 29 18 27 56 30 55 27 57 40 43 1 3 47 1 32 5 
0 41 14 3 47 51 35 54 19 62 63 57 13 51 17 28 56 54 11 53 59 19 14 13 61 17 7 17 38 46 1 62 2 61 32 29 39 55 30 1 16 46 19 22 22 42 27 21 52 21 42 5 
0 1 45 60 40 4 32 46 48 3 8 12 38 37 7 32 0 6 56 12 48 15 31 49 39 31 53 41 32 50 58 49 11 38 36 48 13 54 36 26 22 26 41 23 7 9 38 11 11 2 27 0 
0 21 53 60 26 58 54 12 28 57 62 34 54 8 18 22 53 18 52 30 14 55 50 33 38 50 47 49 16 36 3 6 61 9 47 37 10 54 39 39 35 33 35 13 45 31 58 51 48 44 60 5 
0 45 3 1 21 36 54 49 28 22 27 56 63 12 11 6 27 57 28 59 52 38 51 31 33 37 15 3 7 30 36 4 31 51 22 47 3 7 58 54 11 21 11 23 50 52 35 51 49 44 60 5 
0 17 56 24 32 22 11 23 38 58 12 20 61 1 2 11 23 2 29 41 63 37 46 22 33 7 27 56 50 58 62 23 18 40 0 22 11 29 32 26 37 0 9 7 41 20 27 9 36 61 16 0 
0 53 34 10 44 36 61 37 11 43 33 48 49 18 49 38 26 56 56 37 48 63 40 32 59 53 34 14 6 49 40 33 60 32 29 25 51 46 37 60 21 11 1 60 21 17 5 19 7 60 19 0 
0 18 39 4 18 15 29 33 9 20 52 25 41 47 19 21 7 55 13 58 15 10 39 1 40 36 8 56 58 26 11 22 61 59 56 28 27 17 41 35 17 26 51 56 30 44 2 14 49 42 2 0 
0 20 24 41 50 29 24 47 8 36 56 46 32 36 42 39 22 60 20 35 45 21 38 47 19 9 28 59 60 36 14 26 33 3 1 32 0 27 50 1 49 56 42 49 8 11 40 13 19 27 1 5 
0 57 27 21 39 50 56 59 35 13 27 21 39 56 54 8 27 18 43 26 13 29 39 14 62 19 38 60 33 30 7 36 32 2 49 8 60 15 3 3 41 42 33 0 43 48 35 18 21 2 56 5 
0 37 55 5 36 16 42 30 19 6 12 45 56 3 53 16 37 20 47 55 1 53 62 6 22 50 37 50 57 51 7 31 50 54 63 17 41 20 42 3 12 17 2 55 45 23 12 41 29 29 28 5 
0 61 22 2 29 18 24 20 20 46 43 33 39 16 34 53 42 17 51 20 37 28 6 43 0 11 32 38 19 18 34 4 22 41 33 47 1 42 55 62 23 50 44 22 62 44 14 59 27 47 7 0 
0 47 49 47 15 11 11 55 57 2 51 6 55 39 8 61 13 49 47 47 56 6 12 50 42 3 0 24 21 31 33 22 11 49 25 12 36 7 20 36 20 45 43 59 27 49 42 34 17 31 7 5 
30 18 32 60 33 38 10 19 36 6 37 22 55 43 31 51 10 12 13 36 1 49 50 59 1 25 55 13 59 52 16 38 7 56 60 47 63 59 1 10 37 24 44 21 25 14 58 43 9 18 52 5 
