GF64M1
28 64
0 43 50 56 52 36 30 43 50 11 0 57 22 26 3 8 20 2 53 59 26 43 15 33 1 6 38 26 25 20 8 36 2 20 19 59 46 56 23 7 0 62 47 20 39 52 27 14 40 37 51 21 50 63 17 8 44 42 28 53 17 31 41 31 
52 0 24 10 24 46 19 34 11 50 30 5 32 32 39 45 50 41 13 12 35 46 61 28 2 60 6 6 50 13 30 18 7 16 5 18 21 25 20 9 22 6 45 48 9 49 46 42 44 61 37 19 55 34 60 44 37 41 34 53 43 51 49 48 
48 61 0 49 37 18 60 49 7 53 39 54 18 52 45 48 44 33 49 5 38 42 25 58 35 23 58 24 18 25 35 52 18 3 59 16 19 20 3 25 37 62 46 18 57 39 29 19 57 5 60 61 21 37 21 14 44 41 6 21 60 49 29 32 
14 49 36 0 53 13 61 56 31 15 43 29 51 29 47 39 34 52 47 40 21 12 49 13 24 47 33 34 49 15 57 18 32 29 9 9 30 63 49 57 56 52 9 12 20 39 34 29 21 48 22 22 36 55 15 22 38 28 39 15 42 12 31 1 
4 53 5 42 0 21 13 40 6 8 39 59 57 28 59 44 28 16 0 32 45 54 60 33 6 29 18 54 46 15 26 53 48 6 18 14 10 12 6 12 21 12 32 22 38 54 57 44 54 27 13 58 35 7 14 46 51 5 16 53 29 3 59 54 
11 38 25 17 56 0 12 57 55 33 11 32 30 11 25 15 15 14 63 35 52 18 15 59 59 2 53 37 25 1 31 30 17 32 18 54 20 39 31 41 20 18 50 36 18 36 43 29 4 22 48 46 58 24 31 55 40 16 51 10 55 54 52 14 
21 5 4 8 58 43 0 38 47 44 6 26 1 33 63 21 50 5 18 26 22 33 62 43 11 55 20 1 9 54 1 36 10 12 38 50 34 24 44 42 57 40 6 16 48 42 4 19 30 31 30 55 54 12 0 52 59 18 52 16 49 26 9 51 
50 28 51 46 9 4 48 0 31 15 0 7 15 59 3 57 32 43 38 37 31 6 5 41 10 59 11 49 34 59 46 30 45 41 53 63 14 33 10 17 26 49 43 8 9 56 27 46 44 22 21 54 3 3 14 12 44 4 2 1 15 22 41 10 
54 28 25 30 11 42 7 28 0 44 55 22 52 61 0 47 54 47 37 38 39 63 10 58 4 19 16 37 63 23 12 38 43 50 61 44 33 44 54 10 8 11 25 14 28 5 40 16 27 47 62 26 55 0 25 44 48 47 30 3 31 28 26 56 
28 56 37 53 38 44 12 42 41 0 5 59 51 39 2 20 47 8 31 28 57 8 56 62 29 62 61 11 48 16 17 3 21 32 0 14 61 32 61 62 58 62 40 40 23 38 40 25 56 25 49 61 27 2 1 55 61 3 60 55 37 24 58 34 
55 20 35 6 62 44 24 30 30 45 0 19 7 48 4 44 11 60 8 48 4 6 32 60 5 7 9 45 26 39 22 23 22 30 22 10 41 16 0 7 6 38 38 10 45 61 6 53 30 50 16 2 13 9 1 51 42 35 18 44 49 37 27 9 
33 42 54 4 34 38 1 58 31 31 24 0 30 17 53 29 10 29 62 58 62 43 18 57 2 29 44 30 60 4 34 56 1 4 3 29 59 24 31 6 40 55 62 56 63 17 50 18 8 4 3 10 14 62 38 21 29 44 43 58 26 39 3 34 
62 12 48 27 32 12 16 61 18 14 24 33 0 17 2 48 9 55 1 33 38 33 27 38 47 55 15 16 51 16 62 55 4 56 3 28 16 26 37 25 32 17 14 19 18 10 60 4 48 25 37 53 45 51 39 59 0 1 21 10 37 62 9 22 
32 14 59 1 57 59 14 37 46 41 16 2 61 0 31 41 49 61 50 35 11 25 48 55 6 39 27 37 51 62 28 15 17 46 45 14 7 54 59 4 60 10 45 32 17 4 59 5 11 22 12 53 2 22 18 25 23 58 5 58 45 25 60 35 
16 28 5 13 53 52 51 9 17 22 36 34 38 12 0 10 50 40 48 18 3 10 24 4 52 38 6 52 41 24 51 15 25 29 25 5 25 6 30 36 61 36 59 36 0 36 61 17 62 52 4 14 40 5 31 63 49 2 49 40 36 30 8 40 
31 59 22 10 31 61 24 22 3 54 43 37 61 41 43 0 34 16 27 48 26 36 56 24 61 8 28 54 21 50 46 23 31 40 40 19 47 3 7 43 9 13 46 22 55 10 30 52 50 18 61 4 28 62 36 36 30 38 36 33 24 30 7 14 
43 42 48 40 21 3 39 38 0 44 62 49 32 58 28 26 0 22 10 20 57 48 38 8 22 59 44 0 44 41 31 5 22 3 61 58 20 47 37 51 58 35 34 14 54 5 52 58 6 47 42 12 18 39 52 58 39 39 10 14 56 50 21 25 
39 16 10 52 26 23 36 47 24 46 58 41 33 62 33 7 54 0 61 17 5 56 60 5 49 6 49 7 21 5 50 54 54 8 41 53 0 39 55 47 15 28 42 14 5 4 1 18 19 57 40 46 48 11 3 41 56 42 49 50 19 50 61 3 
18 1 56 46 54 5 52 32 55 39 4 14 52 13 14 56 15 42 0 62 63 47 19 35 63 49 43 44 34 16 7 53 54 40 46 45 63 9 56 52 36 49 28 50 39 31 6 20 40 3 12 49 39 21 16 8 17 39 1 56 1 23 45 9 
2 43 62 47 6 5 49 13 47 7 63 2 54 7 34 35 60 10 3 0 61 62 54 26 47 53 46 48 22 39 40 25 3 44 7 1 25 49 16 44 39 57 47 33 41 14 22 58 19 63 44 23 52 28 57 47 4 30 15 23 6 20 55 50 
45 47 51 36 47 47 33 30 57 39 53 39 58 41 35 22 59 27 23 10 0 0 36 22 63 9 49 0 53 25 30 19 42 24 30 12 38 24 58 47 7 45 46 57 54 12 0 40 14 6 8 60 48 7 41 3 49 27 26 9 28 31 20 27 
47 36 48 52 51 23 32 18 48 12 23 18 24 10 63 13 53 16 23 26 8 50 0 25 17 10 43 16 49 31 54 58 47 43 53 36 6 45 54 49 10 38 13 34 40 7 45 5 33 1 33 50 29 6 31 28 59 22 55 6 63 50 53 61 
62 53 39 3 23 45 61 27 19 10 47 23 28 43 39 2 10 55 15 53 14 8 15 0 34 1 32 53 57 44 49 22 20 35 56 17 62 31 26 23 37 13 19 7 7 24 49 23 44 34 12 61 36 10 51 40 55 60 54 3 16 26 16 29 
48 5 2 34 41 39 2 31 31 55 27 15 25 11 49 9 22 11 33 33 42 54 19 8 0 14 40 35 33 60 12 27 24 22 58 58 8 50 40 47 0 14 31 27 40 0 10 0 61 50 34 30 6 7 48 32 54 21 42 29 23 53 47 36 
61 53 17 29 3 24 8 36 14 10 45 60 50 3 23 27 14 34 17 31 15 41 26 3 6 0 43 39 58 23 8 54 25 49 28 27 38 20 28 61 43 61 5 60 0 15 58 60 12 9 62 46 22 42 61 42 0 24 62 28 28 25 9 8 
54 11 44 56 10 19 45 62 38 2 49 52 1 20 22 8 37 39 56 22 2 44 32 45 45 30 0 0 60 30 24 47 20 63 51 57 13 0 61 56 28 46 33 51 16 27 48 52 0 58 54 32 15 0 26 5 11 0 34 58 46 0 29 0 
55 18 49 40 24 52 1 25 44 28 32 3 24 1 36 22 49 37 2 43 7 54 63 19 54 22 31 34 0 1 1 1 0 1 1 1 0 1 0 1 1 1 1 1 3 14 40 30 36 0 0 0 1 19 1 0 33 5 1 0 1 41 1 38 
1 1 1 1 1 1 0 1 1 1 1 1 1 0 1 1 1 1 1 1 1 1 1 1 1 1 1 1 1 0 0 0 1 0 0 0 1 0 1 0 0 0 0 0 1 1 1 1 1 1 1 1 0 1 0 1 1 1 0 1 0 1 0 1 
