TII_HOLDOUT_V1
instance_id 00a97a747a6f40714e9fdbca5725369b6c6e4a444d036f4d42c2136251b0bedb
k 46
degree 6
minimum 280
heldout_original 0
heldout_mask 42945927196204
points 118
1 17811672445502 5
2 43983999227534 5
3 3145454169767 5
4 14140853914978 5
5 55950111590536 5
6 31730380948806 5
7 4219301863916 5
8 24004051750002 5
9 13672993955404 5
10 23356142719917 5
11 41154391995741 5
12 53033956342286 5
13 9419818277149 5
14 18867073546936 5
15 67343721868219 5
16 45129962672995 5
17 57557132186726 5
18 25602252113438 5
19 37525012487513 5
20 37004497913177 5
21 38022795716311 5
22 49367164078104 5
23 29796759986883 5
24 64967613816758 5
25 32774830834069 5
26 12388049004304 5
27 31971602223109 5
28 39551413082865 5
29 20225346484085 5
30 46664548711625 5
31 34267392504544 5
32 52106176948952 5
33 41190067785479 5
34 12982330096928 5
35 9990309856823 5
36 28959822861415 5
37 19097387708249 5
38 47522755916885 5
39 61936481811093 5
40 44388182522782 5
41 13922166774539 5
42 43171980073887 5
43 54425351389525 5
44 53913209057534 5
45 63470364280222 5
46 46505317372657 5
47 5905553327936 5
48 11947705650296 5
49 26040350666749 5
50 17627707418311 5
51 13289107887969 5
52 16680324800915 5
53 55773135823742 5
54 18722868020345 5
55 69825893782493 5
56 13797421211509 5
57 50298001580585 5
58 25624382275507 5
59 17407277322392 5
60 58299948566480 5
61 46298869202338 5
62 33307706100746 5
63 42802896248190 5
64 26368734957221 5
65 26269034892746 5
66 59864499230175 5
67 60474922186784 5
68 23691710947309 5
69 69948315223634 5
70 61192154767860 5
71 2241817863259 5
168 1 5
169 2 5
170 4 5
171 8 5
172 16 5
173 32 5
174 64 5
175 128 5
176 256 5
177 512 5
178 1024 5
179 2048 5
180 4096 5
181 8192 5
182 16384 5
183 32768 5
184 65536 5
185 131072 5
186 262144 5
187 524288 5
188 1048576 5
189 2097152 5
190 4194304 5
191 8388608 5
192 16777216 5
193 33554432 5
194 67108864 5
195 134217728 5
196 268435456 5
197 536870912 5
198 1073741824 5
199 2147483648 5
200 4294967296 5
201 8589934592 5
202 17179869184 5
203 34359738368 5
204 68719476736 5
205 137438953472 5
206 274877906944 5
207 549755813888 5
208 1099511627776 5
209 2199023255552 5
210 4398046511104 5
211 8796093022208 5
212 17592186044416 5
213 35184372088832 5
-1 1897043500789 5
