mceliecex-holdout-cuda-request-v1
public_sha256 a66ac1368bd6d311838e3a255c2d12766818731739c53d1ec79a46c8838ee793
k 46
degree 6
words 8
repetitions 1
seed 25320260930
emit_output 0
expected_columns 9366819
expected_rows 11823840
expected_nonzeros 3385005428
point_count 72
point 17811672445502 2 2 4
point 43983999227534 2 2 4
point 3145454169767 2 2 4
point 14140853914978 2 2 4
point 55950111590536 2 2 4
point 31730380948806 2 2 4
point 4219301863916 2 2 4
point 24004051750002 2 2 4
point 13672993955404 2 2 4
point 23356142719917 2 2 4
point 41154391995741 2 2 4
point 53033956342286 2 2 4
point 9419818277149 2 2 4
point 18867073546936 2 2 4
point 67343721868219 2 2 4
point 45129962672995 2 2 4
point 57557132186726 2 2 4
point 25602252113438 2 2 4
point 37525012487513 2 2 4
point 37004497913177 2 2 4
point 38022795716311 2 2 4
point 49367164078104 2 2 4
point 29796759986883 2 2 4
point 64967613816758 2 2 4
point 32774830834069 2 2 4
point 12388049004304 2 2 4
point 31971602223109 2 2 4
point 39551413082865 2 2 4
point 20225346484085 2 2 4
point 46664548711625 2 2 4
point 34267392504544 2 2 4
point 52106176948952 2 2 4
point 41190067785479 2 2 4
point 12982330096928 2 2 4
point 9990309856823 2 2 4
point 28959822861415 2 2 4
point 19097387708249 2 2 4
point 47522755916885 2 2 4
point 61936481811093 2 2 4
point 44388182522782 2 2 4
point 13922166774539 2 2 4
point 43171980073887 2 2 4
point 54425351389525 2 2 4
point 53913209057534 2 2 4
point 63470364280222 2 2 4
point 46505317372657 2 2 4
point 5905553327936 2 2 4
point 11947705650296 2 2 4
point 26040350666749 2 2 4
point 17627707418311 2 2 4
point 13289107887969 2 2 4
point 16680324800915 2 2 4
point 55773135823742 2 2 4
point 18722868020345 2 2 4
point 69825893782493 2 2 4
point 13797421211509 2 2 4
point 50298001580585 2 2 4
point 25624382275507 2 2 4
point 17407277322392 2 2 4
point 58299948566480 2 2 4
point 46298869202338 2 2 4
point 33307706100746 2 2 4
point 42802896248190 2 2 4
point 26368734957221 2 2 4
point 26269034892746 2 2 4
point 59864499230175 2 2 4
point 60474922186784 2 2 4
point 23691710947309 2 2 4
point 69948315223634 2 2 4
point 61192154767860 2 2 4
point 2241817863259 2 2 4
point 1897043500789 2 2 4
