GF64M1
94 28
0 59 0 58 1 58 0 59 1 1 58 59 0 1 58 1 59 0 1 1 0 1 0 58 59 0 59 58 
5 51 33 20 63 54 38 39 50 63 2 43 51 63 11 42 36 18 13 33 50 19 38 13 13 37 17 0 
2 6 25 47 12 58 58 24 18 8 1 45 10 54 59 52 61 63 43 24 8 41 24 50 31 13 0 0 
36 27 41 3 21 63 23 0 50 26 8 51 4 25 35 53 18 42 23 22 40 18 15 49 25 58 0 0 
45 53 9 5 2 16 0 49 42 42 4 28 35 11 22 3 19 47 3 20 29 29 35 48 19 29 0 0 
25 0 16 62 62 13 0 1 49 14 10 41 4 3 29 28 21 9 31 39 3 9 60 55 63 18 0 0 
48 3 58 48 7 11 19 9 57 24 63 59 30 13 63 29 53 1 60 53 36 25 59 19 23 51 0 0 
7 6 25 7 46 19 52 60 20 7 5 27 48 14 34 6 48 40 56 9 40 30 12 26 60 4 0 0 
27 26 14 35 36 50 55 4 60 51 23 40 1 32 60 57 15 41 15 52 13 17 62 10 21 43 0 0 
0 15 4 1 12 36 42 35 9 47 32 23 20 21 18 35 4 23 28 35 31 29 55 15 17 7 0 0 
18 30 30 39 44 15 43 41 16 24 27 35 35 38 10 36 18 14 8 39 58 19 58 49 17 4 0 0 
16 6 10 50 44 15 14 13 13 32 15 24 31 55 15 55 17 33 19 47 24 28 0 50 32 27 0 0 
53 56 0 31 58 11 50 33 46 53 35 35 29 1 37 32 12 57 62 28 20 22 39 9 3 26 0 0 
54 54 14 9 16 0 49 2 4 12 63 10 57 28 48 41 22 2 45 23 54 21 24 41 20 31 0 0 
35 6 12 6 19 34 21 50 19 2 49 57 2 31 36 9 45 20 22 50 46 22 27 47 9 25 0 0 
56 9 35 26 23 11 45 29 51 62 32 52 40 18 5 24 7 24 30 35 23 0 58 15 42 39 0 0 
52 39 24 0 38 28 35 25 59 4 50 57 56 62 1 8 14 31 56 15 39 8 1 17 18 41 0 0 
8 11 60 3 13 43 19 55 12 32 0 61 39 40 52 40 48 33 29 4 40 39 7 6 50 57 0 0 
58 29 24 52 34 7 36 62 61 61 36 60 13 60 61 24 1 59 54 48 46 47 59 40 42 51 0 0 
11 3 26 10 26 5 3 43 24 56 31 34 56 37 10 24 50 59 33 34 0 12 52 22 5 11 0 0 
10 32 42 42 12 53 21 10 37 29 14 8 1 7 22 51 52 32 36 15 9 41 17 57 51 31 0 0 
33 56 12 6 26 34 4 28 17 12 15 19 53 44 47 8 49 32 55 8 4 28 23 1 6 2 0 0 
44 50 20 43 59 19 40 0 1 36 10 47 54 47 31 39 30 30 20 50 33 22 36 26 10 58 0 0 
34 32 55 55 19 38 24 49 48 14 22 53 38 48 52 54 51 20 50 14 21 34 33 0 44 36 0 0 
24 40 3 11 58 14 13 50 24 59 39 54 46 38 2 33 58 55 30 15 20 37 14 31 34 34 0 0 
4 45 50 34 15 34 53 30 41 40 41 0 33 39 40 6 0 51 0 54 49 22 13 35 47 16 0 0 
56 45 59 40 20 49 23 35 19 3 30 28 28 33 35 25 12 61 29 58 15 57 45 23 2 4 0 0 
60 7 24 60 17 28 13 19 42 45 20 40 39 11 48 36 7 62 32 12 33 15 32 25 42 60 0 0 
29 61 28 27 11 61 54 26 53 53 24 31 22 37 55 16 34 26 8 7 38 19 11 31 46 36 0 0 
26 1 19 53 40 43 39 0 13 16 54 4 11 7 40 8 16 52 3 55 35 33 3 25 44 31 0 0 
43 8 32 56 7 50 60 30 31 56 38 35 55 2 22 44 0 2 18 57 47 63 58 16 30 4 0 0 
62 36 39 20 5 25 45 53 22 40 49 23 56 15 35 46 44 20 42 24 24 29 52 57 10 50 0 0 
59 1 5 0 39 5 46 20 53 62 8 44 29 9 28 38 25 43 30 32 20 36 50 21 47 18 0 0 
29 3 16 2 35 44 4 4 35 16 32 58 0 1 43 60 22 6 5 49 12 20 57 63 57 63 0 0 
41 5 40 61 34 29 11 8 37 19 10 16 22 51 26 35 58 47 1 56 13 31 28 61 47 46 0 0 
37 25 43 18 39 53 41 60 44 4 10 0 18 44 57 48 27 11 46 3 46 4 42 56 16 56 0 0 
16 43 40 20 27 53 49 16 49 1 60 8 47 50 3 48 5 37 31 54 17 48 53 63 58 4 0 0 
58 34 34 58 20 61 8 50 6 15 60 62 2 10 63 44 53 26 61 25 26 6 49 12 43 53 0 0 
21 1 19 37 49 21 25 26 48 18 48 12 32 60 24 7 39 40 16 62 43 46 44 25 55 25 0 0 
52 52 32 57 63 35 48 39 53 57 25 21 28 39 55 4 60 29 55 60 40 27 57 45 24 38 0 0 
17 8 20 11 42 39 34 48 29 52 51 28 38 58 52 49 28 51 25 1 21 57 12 47 20 41 0 0 
27 40 4 37 57 0 47 0 48 39 55 20 49 35 15 11 7 56 28 8 55 43 57 15 17 5 0 0 
37 36 31 4 55 28 10 9 56 61 7 45 33 29 35 56 61 22 23 4 9 35 31 9 13 0 0 0 
30 55 13 2 4 55 24 33 60 56 5 51 37 21 52 57 31 5 29 9 7 17 62 9 12 11 0 0 
52 4 26 47 59 56 32 62 49 49 47 10 57 31 48 23 2 58 44 21 52 38 44 41 36 13 0 0 
54 30 44 49 11 56 2 17 11 39 45 49 15 58 55 42 33 31 57 52 28 40 54 39 14 59 0 0 
33 62 50 14 51 27 28 39 12 53 60 0 43 54 52 22 45 12 44 48 36 46 47 2 62 33 0 0 
19 0 21 19 25 13 36 8 59 38 27 60 18 17 11 34 35 59 19 41 40 60 7 42 17 25 0 0 
30 48 30 63 35 28 10 23 60 13 31 24 16 13 62 0 63 10 39 61 39 26 6 43 47 12 0 0 
55 36 53 57 7 38 49 19 60 50 1 11 35 11 54 55 38 0 62 15 44 31 43 58 1 36 0 0 
42 7 16 19 31 9 10 19 5 26 5 21 54 23 2 47 58 53 0 36 44 57 61 39 28 0 0 0 
17 30 27 7 31 32 54 31 2 12 2 34 23 35 16 61 55 52 20 15 57 57 10 59 14 31 0 0 
0 46 7 25 7 2 50 33 54 11 45 22 51 20 55 56 31 53 6 21 5 18 19 3 31 61 0 0 
43 8 61 3 3 62 46 49 17 53 42 26 38 46 4 29 41 5 51 51 22 40 50 14 40 17 0 0 
19 53 0 36 18 4 0 62 14 22 38 52 51 18 7 18 24 20 13 50 5 40 56 14 2 3 0 0 
47 53 40 60 20 50 26 54 7 25 37 17 40 62 9 16 3 4 26 45 9 29 3 43 7 28 0 0 
17 31 10 42 11 45 17 33 43 20 54 10 21 0 19 56 40 38 62 30 21 50 13 28 29 33 0 0 
53 0 30 49 10 62 44 6 57 30 57 43 16 35 9 28 37 51 40 1 35 32 47 7 32 43 0 0 
15 15 44 10 45 61 4 61 3 42 52 12 21 51 31 35 34 15 21 63 16 36 43 35 43 4 0 0 
47 33 11 12 57 28 55 34 5 51 24 18 50 53 29 38 23 17 49 20 14 14 16 50 50 59 0 0 
55 40 17 51 63 27 15 18 41 59 26 53 22 10 11 26 52 48 46 61 25 33 45 59 38 38 0 0 
47 33 23 58 13 63 0 44 1 34 47 53 40 45 56 54 47 53 7 34 17 46 24 35 45 9 0 0 
18 43 54 15 2 11 30 58 15 19 19 31 34 39 19 17 62 58 43 44 34 31 37 0 43 33 0 0 
0 21 28 23 9 63 10 49 48 4 16 15 17 51 11 55 18 46 56 2 0 5 22 20 41 9 0 0 
0 22 29 30 53 29 13 25 17 25 10 42 3 13 27 16 46 26 11 4 18 16 4 62 22 10 0 0 
59 45 42 57 5 31 26 36 29 26 9 1 48 24 22 23 58 63 53 9 1 10 23 61 20 57 0 0 
36 30 53 8 29 58 36 36 39 59 6 56 52 10 23 23 32 32 23 14 20 33 62 54 54 1 0 0 
15 51 59 51 21 54 44 46 60 46 21 45 57 19 45 48 47 9 40 33 43 40 59 16 61 59 0 0 
0 40 59 14 34 44 15 39 28 4 15 23 35 30 25 37 60 0 15 59 44 32 31 6 15 41 0 0 
37 52 48 26 37 25 47 1 22 60 40 30 53 35 61 5 38 46 18 40 35 61 22 14 42 19 0 0 
41 15 52 49 54 54 31 53 12 40 18 3 61 9 9 20 63 45 14 20 51 5 25 60 57 29 0 0 
16 10 25 61 12 16 47 20 28 13 52 32 54 34 47 14 13 14 60 5 1 43 44 62 31 46 0 0 
62 1 25 30 14 6 33 12 10 44 46 58 4 59 42 36 0 35 28 56 25 63 25 52 6 21 0 0 
48 23 58 4 44 11 48 40 63 10 15 17 63 20 0 19 50 33 40 22 50 40 63 8 7 26 0 0 
50 18 36 26 1 3 1 2 20 33 38 42 29 28 42 47 29 2 27 17 45 58 8 6 11 58 0 0 
17 25 37 20 48 15 40 63 28 19 34 34 43 5 51 23 12 61 15 7 2 9 48 5 18 63 0 0 
43 10 13 1 23 31 49 6 41 36 62 39 44 51 36 34 17 3 16 10 26 42 57 60 11 17 0 0 
63 13 59 32 22 54 1 45 49 31 23 63 63 41 12 0 46 29 53 43 60 18 25 63 62 16 0 0 
34 54 24 3 15 50 42 39 41 9 14 34 22 10 48 33 47 19 11 40 36 2 38 55 55 44 0 0 
10 38 40 40 55 35 31 15 28 63 15 36 59 30 56 54 17 54 22 51 29 22 21 0 17 51 0 0 
0 48 52 23 62 17 63 44 18 56 26 31 62 44 34 45 30 8 61 21 54 41 38 54 34 61 0 0 
51 41 28 14 8 15 46 41 36 9 0 22 44 18 3 29 13 29 35 57 38 19 1 43 19 19 0 0 
7 45 7 54 17 2 30 36 63 26 44 38 52 62 17 39 29 21 37 9 41 26 7 14 35 29 0 0 
42 21 34 52 42 0 58 30 58 46 40 11 25 51 31 55 18 58 37 37 41 0 61 60 0 46 0 0 
8 33 40 12 18 25 23 13 54 39 53 49 11 47 27 17 11 28 62 7 16 1 44 40 28 20 0 0 
1 58 22 32 60 6 43 3 1 0 50 23 39 62 7 53 38 11 17 9 47 38 14 33 18 54 0 0 
56 37 0 15 35 43 16 3 47 39 46 41 41 11 3 46 29 36 59 4 61 55 9 18 20 3 0 0 
60 27 55 31 51 39 50 25 62 40 22 58 31 13 51 23 7 53 20 26 52 28 30 50 21 54 0 0 
61 4 10 2 36 15 36 39 8 26 55 42 49 8 16 48 48 52 52 43 61 34 11 55 47 51 0 0 
3 39 8 28 20 10 9 22 23 53 6 47 11 55 12 2 42 41 56 54 34 35 36 6 24 55 0 0 
2 49 11 55 36 47 55 33 35 57 58 48 52 21 17 59 6 36 58 40 62 23 35 17 8 14 0 0 
22 4 48 16 52 16 27 4 39 46 34 32 9 26 16 40 59 40 59 57 35 16 50 44 50 33 0 0 
55 57 51 44 54 49 42 6 24 39 28 37 46 58 57 57 50 48 3 20 20 58 41 0 4 9 0 0 
25 20 30 26 63 25 10 8 11 1 1 8 2 53 29 26 4 38 8 9 27 39 40 9 45 60 0 0 
