GF64M1
378 64
12 12 0 0 0 0 0 0 0 0 0 0 0 0 0 0 0 0 0 0 0 0 0 0 0 0 0 0 22 7 20 32 36 28 24 31 37 11 0 0 40 19 0 29 17 34 63 30 0 43 25 3 6 58 57 13 2 38 53 17 5 57 62 21 
51 0 21 0 0 0 0 0 0 0 0 0 0 0 0 0 0 0 0 0 0 0 0 0 0 0 0 0 0 0 61 36 35 57 2 35 10 8 0 0 11 5 39 22 46 21 48 36 43 2 38 28 23 27 60 26 24 0 49 24 37 57 40 21 
38 0 0 18 0 0 0 0 0 0 0 0 0 0 0 0 0 0 0 0 0 0 0 0 0 0 0 0 40 39 62 16 49 57 45 8 5 45 51 0 2 28 32 5 37 50 59 40 0 4 9 22 4 52 16 21 13 6 39 42 60 57 22 0 
58 0 0 0 12 0 0 0 0 0 0 0 0 0 0 0 0 0 0 0 0 0 0 0 0 0 0 0 62 32 11 34 52 63 44 45 17 27 51 54 15 32 39 26 6 17 32 46 51 54 0 52 0 3 26 41 45 36 61 54 24 54 0 0 
58 0 0 0 0 9 0 0 0 0 0 0 0 0 0 0 0 0 0 0 0 0 0 0 0 0 0 0 40 32 52 1 31 30 41 39 58 37 43 54 20 57 7 33 5 18 2 12 43 59 40 33 43 62 25 43 52 30 20 34 38 0 0 37 
54 0 0 0 0 0 12 0 0 0 0 0 0 0 0 0 0 0 0 0 0 0 0 0 0 0 0 0 0 0 20 49 32 12 50 29 33 11 0 54 47 2 0 24 38 45 26 17 43 19 47 58 40 20 50 37 45 46 23 50 14 0 40 48 
57 0 0 0 0 0 0 54 0 0 0 0 0 0 0 0 0 0 0 0 0 0 0 0 0 0 0 0 22 39 39 61 26 46 51 62 29 10 0 15 2 27 39 54 23 11 37 48 51 33 56 30 25 38 45 18 59 1 42 49 9 0 62 0 
27 0 0 0 0 0 0 0 20 0 0 0 0 0 0 0 0 0 0 0 0 0 0 0 0 0 0 0 62 7 63 2 40 38 4 60 36 38 51 15 43 24 0 47 32 49 51 53 0 1 36 62 50 50 10 59 60 50 22 43 23 0 62 21 
18 0 0 0 0 0 0 0 0 28 0 0 0 0 0 0 0 0 0 0 0 0 0 0 0 0 0 0 62 39 51 63 57 20 50 53 51 19 51 54 55 20 7 10 52 29 43 37 43 13 34 0 41 13 36 22 16 18 57 61 44 57 22 48 
56 0 0 0 0 0 0 0 0 0 28 0 0 0 0 0 0 0 0 0 0 0 0 0 0 0 0 0 40 0 10 14 1 42 32 33 20 20 0 54 54 59 7 24 7 60 49 51 43 58 25 33 31 57 4 21 2 36 2 48 36 15 22 0 
10 0 0 0 0 0 0 0 0 0 0 19 0 0 0 0 0 0 0 0 0 0 0 0 0 0 0 0 22 7 9 53 5 4 46 40 63 23 51 57 62 24 32 56 5 48 46 54 43 45 50 58 11 20 40 19 61 25 15 7 20 57 22 37 
50 0 0 0 0 0 0 0 0 0 0 0 2 0 0 0 0 0 0 0 0 0 0 0 0 0 0 0 0 7 41 6 32 43 27 13 15 6 0 54 21 5 0 17 55 32 16 50 0 22 36 3 5 45 11 13 11 32 18 2 41 54 40 21 
41 0 0 0 0 0 0 0 0 0 0 0 0 2 0 0 0 0 0 0 0 0 0 0 0 0 0 0 62 39 44 56 21 22 9 58 17 62 24 0 20 23 39 6 10 52 5 39 24 40 41 6 24 50 13 22 8 50 16 24 17 57 22 48 
52 0 0 0 0 0 0 0 0 0 0 0 0 0 47 0 0 0 0 0 0 0 0 0 0 0 0 0 40 32 30 62 37 25 15 38 54 38 51 15 53 18 32 14 5 2 47 28 0 36 0 3 42 43 9 1 12 21 62 36 19 15 22 21 
39 0 0 0 0 0 0 0 0 0 0 0 0 0 0 53 0 0 0 0 0 0 0 0 0 0 0 0 62 39 58 63 48 46 48 45 60 32 43 57 3 60 32 2 46 51 57 14 24 2 14 5 50 31 39 47 16 55 45 51 36 57 62 21 
9 0 0 0 0 0 0 0 0 0 0 0 0 0 0 0 45 0 0 0 0 0 0 0 0 0 0 0 22 39 40 42 7 2 26 38 30 56 0 57 32 43 39 27 62 63 42 28 0 8 39 7 46 35 2 20 27 59 59 45 43 0 62 21 
50 0 0 0 0 0 0 0 0 0 0 0 0 0 0 0 0 40 0 0 0 0 0 0 0 0 0 0 0 0 45 51 33 60 31 63 56 28 43 15 19 43 39 63 17 28 48 48 43 17 36 43 1 60 30 27 9 51 55 58 38 15 40 48 
20 0 0 0 0 0 0 0 0 0 0 0 0 0 0 0 0 0 25 0 0 0 0 0 0 0 0 0 62 7 15 22 37 42 45 36 27 9 51 54 48 52 32 54 22 41 57 20 43 37 7 21 42 50 23 16 7 5 6 32 15 54 40 0 
12 0 0 0 0 0 0 0 0 0 0 0 0 0 0 0 0 0 0 55 0 0 0 0 0 0 0 0 62 39 30 58 57 4 16 24 18 25 51 0 37 60 32 1 12 60 62 55 43 45 2 50 11 39 15 33 44 20 49 22 0 57 22 0 
55 0 0 0 0 0 0 0 0 0 0 0 0 0 0 0 0 0 0 0 27 0 0 0 0 0 0 0 0 39 59 19 16 63 8 1 33 39 24 57 8 52 7 39 35 0 63 36 43 29 57 54 26 31 49 4 49 49 41 26 27 57 62 0 
0 0 0 0 0 0 0 0 0 0 0 0 0 0 0 0 0 0 0 0 0 35 0 0 0 0 0 0 62 32 17 46 9 13 36 36 41 43 0 0 32 2 39 40 47 3 53 32 0 41 13 0 58 35 4 57 36 49 17 8 9 54 40 37 
33 0 0 0 0 0 0 0 0 0 0 0 0 0 0 0 0 0 0 0 0 0 49 0 0 0 0 0 0 7 9 32 37 24 3 8 53 51 24 54 2 33 32 40 32 49 8 42 0 4 29 53 38 17 59 61 61 0 38 57 24 54 22 37 
24 0 0 0 0 0 0 0 0 0 0 0 0 0 0 0 0 0 0 0 0 0 0 54 0 0 0 0 40 32 16 19 10 32 60 19 0 40 51 15 46 14 32 14 4 15 60 62 51 46 62 21 23 13 60 62 54 3 35 11 21 54 62 37 
52 0 0 0 0 0 0 0 0 0 0 0 0 0 0 0 0 0 0 0 0 0 0 0 35 0 0 0 22 7 51 39 46 4 15 9 48 32 24 54 40 58 7 6 14 48 32 30 51 63 53 8 58 2 29 50 35 21 61 13 35 0 62 37 
58 0 0 0 0 0 0 0 0 0 0 0 0 0 0 0 0 0 0 0 0 0 0 0 0 47 0 0 0 32 7 53 50 57 10 5 60 1 51 15 1 47 39 45 23 4 4 28 51 12 28 6 29 2 33 16 19 14 46 34 54 54 22 0 
31 0 0 0 0 0 0 0 0 0 0 0 0 0 0 0 0 0 0 0 0 0 0 0 0 0 47 0 22 32 3 32 15 19 58 6 31 19 24 54 0 22 32 59 25 36 47 54 43 55 1 62 46 1 29 59 48 41 48 17 22 15 0 48 
1 0 0 0 0 0 0 0 0 0 0 0 0 0 0 0 0 0 0 0 0 0 0 0 0 0 0 47 40 39 59 61 2 18 0 61 58 1 43 15 59 4 0 2 43 58 37 14 43 58 38 58 21 22 38 52 1 18 10 51 19 15 0 0 
0 20 4 0 0 0 0 0 0 0 0 0 0 0 0 0 0 0 0 0 0 0 0 0 0 0 0 0 49 11 4 45 39 21 51 33 49 11 0 0 11 62 62 53 10 32 48 1 14 45 55 31 3 38 29 8 43 61 41 0 55 20 3 37 
0 35 0 18 0 0 0 0 0 0 0 0 0 0 0 0 0 0 0 0 0 0 0 0 0 0 0 0 61 19 22 50 30 19 0 6 7 0 50 0 20 9 40 43 29 0 40 57 0 26 16 22 51 56 45 61 14 29 21 25 60 47 20 32 
0 45 0 0 0 0 0 0 0 0 0 0 0 0 0 0 0 0 0 0 0 0 0 0 0 0 0 0 53 28 20 48 6 9 0 41 12 31 50 23 49 20 62 1 20 59 51 20 3 57 0 57 28 54 9 46 43 63 36 0 15 10 52 5 
0 18 0 0 0 55 0 0 0 0 0 0 0 0 0 0 0 0 0 0 0 0 0 0 0 0 0 0 30 50 56 29 30 47 43 19 49 11 16 23 42 28 22 33 3 53 46 38 14 9 40 34 30 23 7 27 56 30 9 8 49 28 33 11 
0 34 0 0 0 0 16 0 0 0 0 0 0 0 0 0 0 0 0 0 0 0 0 0 0 0 0 0 6 7 31 15 35 62 43 40 60 0 0 23 17 53 0 10 2 4 37 25 14 31 62 52 10 30 38 22 30 8 50 0 25 45 48 46 
0 51 0 0 0 0 0 3 0 0 0 0 0 0 0 0 0 0 0 0 0 0 0 0 0 0 0 0 44 4 19 59 34 16 51 29 33 0 0 18 2 61 62 46 28 61 54 10 3 60 48 19 18 61 61 26 52 39 22 17 30 9 60 13 
0 4 0 0 0 0 0 0 21 0 0 0 0 0 0 0 0 0 0 0 0 0 0 0 0 0 0 0 34 12 39 55 56 7 43 42 11 0 50 18 61 31 0 3 7 44 32 41 0 8 61 61 22 35 18 58 22 20 11 17 5 44 0 12 
0 45 0 0 0 0 0 0 0 17 0 0 0 0 0 0 0 0 0 0 0 0 0 0 0 0 0 0 53 12 12 11 33 11 51 22 27 0 50 23 55 52 22 15 12 49 56 36 14 40 34 13 43 53 33 48 48 9 13 8 41 14 7 37 
0 44 0 0 0 0 0 0 0 0 19 0 0 0 0 0 0 0 0 0 0 0 0 0 0 0 0 0 48 60 46 36 59 37 43 2 46 11 0 23 8 41 22 23 54 47 34 26 14 50 8 34 14 12 31 48 0 63 2 25 54 55 52 17 
0 4 0 0 0 0 0 0 0 0 0 45 0 0 0 0 0 0 0 0 0 0 0 0 0 0 0 0 8 50 55 37 18 47 0 42 35 0 50 5 40 12 40 48 18 37 61 8 14 55 35 55 5 30 22 33 46 2 1 8 6 6 33 21 
0 62 0 0 0 0 0 0 0 0 0 0 11 0 0 0 0 0 0 0 0 0 0 0 0 0 0 0 25 27 27 58 35 2 51 5 54 11 0 23 43 1 0 21 19 23 16 63 0 13 53 0 18 40 16 0 20 32 23 0 59 61 11 14 
0 18 0 0 0 0 0 0 0 0 0 0 0 17 0 0 0 0 0 0 0 0 0 0 0 0 0 0 53 61 7 11 30 36 0 48 60 11 34 0 20 22 62 59 61 12 41 62 13 61 48 8 41 25 53 48 46 50 23 0 3 30 39 34 
0 15 0 0 0 0 0 0 0 0 0 0 0 0 51 0 0 0 0 0 0 0 0 0 0 0 0 0 2 29 46 49 21 18 0 34 28 11 50 18 29 23 40 34 18 7 3 43 0 54 17 14 63 8 42 59 54 21 31 0 4 19 31 62 
0 43 0 0 0 0 0 0 0 0 0 0 0 0 0 55 0 0 0 0 0 0 0 0 0 0 0 0 42 56 36 44 1 22 51 41 29 11 16 5 61 29 40 22 2 9 42 60 13 45 6 11 16 48 32 50 48 17 4 8 36 32 39 26 
0 5 0 0 0 0 0 0 0 0 0 0 0 0 0 0 38 0 0 0 0 0 0 0 0 0 0 0 62 59 33 46 9 47 0 34 31 11 0 5 30 39 62 59 32 33 57 26 0 17 54 9 10 17 3 11 36 29 58 25 46 55 46 26 
0 48 0 0 0 0 0 0 0 0 0 0 0 0 0 0 0 13 0 0 0 0 0 0 0 0 0 0 40 60 54 24 54 1 24 51 17 31 16 18 45 39 62 16 8 10 35 37 14 1 53 38 39 32 25 51 22 51 55 8 49 13 6 19 
0 42 0 0 0 0 0 0 0 0 0 0 0 0 0 0 0 0 2 0 0 0 0 0 0 0 0 0 31 2 50 40 59 63 0 21 40 11 50 23 14 51 40 51 47 15 42 21 14 13 7 21 57 35 60 47 21 5 43 8 10 17 38 59 
0 5 0 0 0 0 0 0 0 0 0 0 0 0 0 0 0 0 0 61 0 0 0 0 0 0 0 0 57 41 49 59 33 47 24 43 50 11 50 0 51 14 40 27 48 29 62 51 14 28 2 63 25 6 57 49 38 41 41 25 0 9 33 24 
0 58 0 0 0 0 0 0 0 0 0 0 0 0 0 0 0 0 0 0 22 0 0 0 0 0 0 0 42 24 1 31 12 19 43 49 12 11 34 5 54 32 22 59 24 34 44 31 14 18 49 54 6 49 40 36 26 23 47 17 9 18 48 1 
0 18 0 0 0 0 0 0 0 0 0 0 0 0 0 0 0 0 0 0 0 29 0 0 0 0 0 0 19 42 3 35 32 3 0 1 29 20 0 0 8 53 62 31 49 60 53 54 0 45 28 14 7 42 41 12 61 42 25 8 30 18 9 26 
0 10 0 0 0 0 0 0 0 0 0 0 0 0 0 0 0 0 0 0 0 0 6 0 0 0 0 0 6 61 60 7 59 47 43 25 55 31 34 23 60 3 40 62 7 30 36 35 0 26 21 53 27 9 58 40 25 61 44 17 29 18 62 14 
0 5 0 0 0 0 0 0 0 0 0 0 0 0 0 0 0 0 0 0 0 0 0 25 0 0 0 0 6 7 57 31 46 1 24 52 21 11 50 18 6 13 40 3 41 54 60 7 3 57 39 21 3 53 43 37 58 62 9 17 16 51 25 36 
0 24 0 0 0 0 0 0 0 0 0 0 0 0 0 0 0 0 0 0 0 0 0 0 45 0 0 0 14 42 24 7 0 41 43 60 0 0 34 23 40 1 22 7 20 23 32 47 3 56 36 6 7 55 46 19 42 14 17 17 38 29 14 30 
0 61 0 0 0 0 0 0 0 0 0 0 0 0 0 0 0 0 0 0 0 0 0 0 0 36 0 0 20 50 43 5 26 9 0 28 45 11 50 18 63 29 62 52 5 11 40 26 3 19 13 8 59 54 5 47 61 14 8 17 51 57 39 9 
0 1 0 0 0 0 0 0 0 0 0 0 0 0 0 0 0 0 0 0 0 0 0 0 0 0 0 0 35 36 25 0 60 48 0 14 36 20 34 23 62 45 40 1 17 46 3 22 14 2 1 51 12 58 23 58 34 20 16 25 1 2 19 63 
0 0 0 0 0 0 0 0 0 0 0 0 0 0 0 0 0 0 0 0 0 0 0 0 0 0 0 13 17 11 1 59 27 11 51 15 1 0 16 18 45 5 0 42 9 1 54 19 14 1 55 58 54 18 45 1 58 47 17 17 1 3 58 1 
0 0 62 15 0 0 0 0 0 0 0 0 0 0 0 0 0 0 0 0 0 0 0 0 0 0 0 0 47 31 22 50 30 54 4 58 54 45 41 0 31 31 53 45 36 7 37 56 33 30 5 22 22 0 29 63 0 26 17 51 29 59 6 32 
0 0 13 0 20 0 0 0 0 0 0 0 0 0 0 0 0 0 0 0 0 0 0 0 0 0 0 0 30 20 20 52 38 28 63 41 61 10 41 19 20 2 21 12 36 29 37 46 35 57 0 50 5 38 29 2 24 10 9 0 3 21 12 5 
0 0 4 0 0 9 0 0 0 0 0 0 0 0 0 0 0 0 0 0 0 0 0 0 0 0 0 0 47 20 56 48 62 47 26 14 47 45 45 19 20 10 63 9 46 16 21 28 8 13 62 61 60 61 29 53 0 49 36 43 43 28 60 59 
0 0 4 0 0 0 49 0 0 0 0 0 0 0 0 0 0 0 0 0 0 0 0 0 0 0 0 0 0 0 31 11 36 14 39 53 60 11 0 19 20 53 60 38 10 41 48 25 13 27 35 32 45 61 33 54 43 36 27 0 61 45 43 59 
0 0 23 0 0 0 0 17 0 0 0 0 0 0 0 0 0 0 0 0 0 0 0 0 0 0 0 0 49 31 58 63 37 5 30 60 33 10 0 63 0 61 56 8 10 1 37 11 6 60 23 24 11 0 60 31 51 58 18 24 26 9 30 13 
0 0 50 0 0 0 0 0 38 0 0 0 0 0 0 0 0 0 0 0 0 0 0 0 0 0 0 0 30 11 10 55 31 34 30 11 36 38 41 63 31 33 9 57 0 31 37 19 14 12 44 34 37 61 33 1 43 34 15 24 16 44 3 41 
0 0 36 0 0 0 0 0 0 62 0 0 0 0 0 0 0 0 0 0 0 0 0 0 0 0 0 0 30 31 37 38 6 11 37 11 5 19 41 19 0 28 27 52 0 25 37 31 44 1 16 6 62 38 29 52 24 5 32 43 26 26 42 48 
0 0 63 0 0 0 0 0 0 0 42 0 0 0 0 0 0 0 0 0 0 0 0 0 0 0 0 0 47 0 46 9 59 21 48 62 1 28 0 19 20 63 7 48 46 17 37 33 27 54 44 61 13 27 33 37 43 10 43 51 59 60 1 17 
0 0 6 0 0 0 0 0 0 0 0 35 0 0 0 0 0 0 0 0 0 0 0 0 0 0 0 0 49 11 30 8 18 31 10 55 61 23 41 44 31 36 22 16 0 21 37 51 29 51 31 60 25 61 0 37 51 17 40 43 30 18 49 37 
0 0 53 0 0 0 0 0 0 0 0 0 63 0 0 0 0 0 0 0 0 0 0 0 0 0 0 0 0 11 31 62 36 23 8 36 54 14 0 19 20 23 46 7 46 2 0 62 10 9 55 31 5 61 29 8 0 39 23 0 56 34 17 43 
0 0 62 0 0 0 0 0 0 0 0 0 0 49 0 0 0 0 0 0 0 0 0 0 0 0 0 0 30 31 46 34 57 49 42 17 19 54 4 0 0 0 21 56 10 56 21 4 26 20 34 28 10 38 33 52 43 34 19 0 12 10 45 55 
0 0 7 0 0 0 0 0 0 0 0 0 0 0 16 0 0 0 0 0 0 0 0 0 0 0 0 0 47 20 42 28 21 7 54 30 51 46 41 63 11 23 46 48 0 7 21 16 39 27 61 5 47 38 0 58 24 37 54 0 28 24 25 27 
0 0 28 0 0 0 0 0 0 0 0 0 0 0 0 16 0 0 0 0 0 0 0 0 0 0 0 0 30 31 32 44 6 51 16 41 29 40 45 44 20 29 15 60 36 13 37 7 13 0 24 31 50 38 0 24 24 53 4 43 46 52 35 63 
0 0 14 0 0 0 0 0 0 0 0 0 0 0 0 0 9 0 0 0 0 0 0 0 0 0 0 0 49 31 37 3 46 58 6 30 1 48 0 44 20 15 23 13 36 28 37 26 59 17 58 29 46 38 33 31 24 1 58 51 61 55 9 63 
0 0 34 0 0 0 0 0 0 0 0 0 0 0 0 0 0 6 0 0 0 0 0 0 0 0 0 0 0 0 50 24 22 36 22 15 62 13 45 63 20 15 2 23 46 35 37 37 63 44 55 45 4 61 33 58 51 24 51 43 43 6 18 6 
0 0 51 0 0 0 0 0 0 0 0 0 0 0 0 0 0 0 35 0 0 0 0 0 0 0 0 0 30 11 31 40 28 26 4 41 25 1 41 19 20 27 15 30 46 17 37 47 57 32 32 21 56 61 60 40 51 23 2 43 19 14 21 59 
0 0 49 0 0 0 0 0 0 0 0 0 0 0 0 0 0 0 0 60 0 0 0 0 0 0 0 0 30 31 49 59 6 31 32 43 29 17 41 0 31 24 32 63 36 33 0 8 6 49 55 52 28 61 29 7 51 31 0 51 0 29 49 24 
0 0 8 0 0 0 0 0 0 0 0 0 0 0 0 0 0 0 0 0 1 0 0 0 0 0 0 0 0 31 1 27 43 19 38 16 18 47 4 44 20 30 52 15 46 21 37 36 35 22 45 54 26 27 33 55 51 47 2 24 40 6 38 1 
0 0 62 0 0 0 0 0 0 0 0 0 0 0 0 0 0 0 0 0 0 58 0 0 0 0 0 0 30 20 46 10 0 3 46 32 3 50 0 0 11 53 5 22 0 61 0 13 42 45 51 26 45 0 0 48 43 47 25 43 26 13 36 42 
0 0 15 0 0 0 0 0 0 0 0 0 0 0 0 0 0 0 0 0 0 0 24 0 0 0 0 0 0 11 56 3 28 10 57 25 55 34 4 19 20 43 27 40 0 47 21 35 30 30 39 53 38 61 0 7 24 0 5 24 22 13 37 62 
0 0 13 0 0 0 0 0 0 0 0 0 0 0 0 0 0 0 0 0 0 0 0 55 0 0 0 0 47 20 20 27 14 49 31 21 36 32 41 63 11 13 14 14 0 57 0 6 34 61 48 21 0 38 33 12 51 13 9 24 21 44 11 20 
0 0 53 0 0 0 0 0 0 0 0 0 0 0 0 0 0 0 0 0 0 0 0 0 37 0 0 0 49 11 24 7 32 41 1 0 47 32 4 19 0 1 18 16 10 37 0 47 10 17 63 18 45 0 29 36 0 37 56 24 44 29 14 46 
0 0 3 0 0 0 0 0 0 0 0 0 0 0 0 0 0 0 0 0 0 0 0 0 0 63 0 0 0 20 6 44 58 57 36 61 51 9 41 63 20 35 40 59 0 56 21 26 22 58 59 28 15 61 60 40 24 3 37 24 28 38 45 9 
0 0 2 0 0 0 0 0 0 0 0 0 0 0 0 0 0 0 0 0 0 0 0 0 0 0 32 0 49 20 48 45 28 21 1 19 58 10 4 19 20 59 10 59 10 10 21 23 27 2 58 56 57 0 33 1 43 4 20 51 14 9 44 42 
0 0 1 0 0 0 0 0 0 0 0 0 0 0 0 0 0 0 0 0 0 0 0 0 0 0 0 57 47 31 1 63 60 46 53 18 1 1 45 63 31 59 1 20 46 59 37 41 33 1 0 58 2 27 33 34 0 5 21 24 57 8 1 1 
0 0 0 42 60 0 0 0 0 0 0 0 0 0 0 0 0 0 0 0 0 0 0 0 0 0 0 0 36 37 0 16 47 48 0 45 11 4 16 9 1 60 5 25 42 58 61 34 29 15 0 40 41 56 36 25 13 50 58 57 33 20 56 0 
0 0 0 5 0 15 0 0 0 0 0 0 0 0 0 0 0 0 0 0 0 0 0 0 0 0 0 0 42 47 0 50 47 30 41 54 22 45 8 9 60 37 17 10 50 55 52 16 33 44 40 22 55 12 42 27 0 47 19 59 33 28 29 39 
0 0 0 62 0 0 35 0 0 0 0 0 0 0 0 0 0 0 0 0 0 0 0 0 0 0 0 0 26 39 0 16 49 58 41 12 60 0 34 9 6 2 29 57 40 41 61 25 33 18 12 62 23 12 34 21 14 12 55 16 33 45 30 7 
0 0 0 52 0 0 0 52 0 0 0 0 0 0 0 0 0 0 0 0 0 0 0 0 0 0 0 0 46 5 62 16 49 33 4 39 33 0 12 35 53 27 1 29 7 38 47 51 29 29 18 40 60 0 20 7 3 61 13 52 33 9 53 0 
0 0 0 5 0 0 0 0 53 0 0 0 0 0 0 0 0 0 0 0 0 0 0 0 0 0 0 0 54 43 40 0 30 31 41 37 43 0 9 35 45 2 42 27 39 63 17 31 0 23 45 22 38 12 22 59 14 22 49 50 29 44 20 32 
0 0 0 18 0 0 0 0 0 21 0 0 0 0 0 0 0 0 0 0 0 0 0 0 0 0 0 0 36 20 62 50 30 20 4 36 60 0 20 9 2 18 63 60 56 30 34 43 33 10 34 40 0 56 12 51 13 11 62 47 60 33 63 7 
0 0 0 17 0 0 0 0 0 0 19 0 0 0 0 0 0 0 0 0 0 0 0 0 0 0 0 0 14 29 0 50 0 28 41 41 14 45 13 9 14 39 37 60 5 49 36 21 33 22 58 22 38 52 27 21 14 50 34 6 29 6 39 0 
0 0 0 36 0 0 0 0 0 0 0 14 0 0 0 0 0 0 0 0 0 0 0 0 0 0 0 0 36 3 62 50 0 50 0 57 4 0 60 42 29 30 9 27 23 21 48 7 33 4 17 40 57 12 22 6 3 20 47 46 29 41 2 39 
0 0 0 25 0 0 0 0 0 0 0 0 14 0 0 0 0 0 0 0 0 0 0 0 0 0 0 0 17 46 22 16 49 36 4 20 54 45 58 9 7 25 10 13 16 5 34 6 0 5 7 22 23 12 61 61 0 7 18 53 29 35 31 32 
0 0 0 8 0 0 0 0 0 0 0 0 0 49 0 0 0 0 0 0 0 0 0 0 0 0 0 0 36 10 62 34 30 25 0 35 28 45 26 0 11 11 5 8 59 56 19 8 60 58 32 62 6 56 49 51 14 16 55 51 29 49 24 7 
0 0 0 28 0 0 0 0 0 0 0 0 0 0 32 0 0 0 0 0 0 0 0 0 0 0 0 0 44 30 22 50 0 22 0 46 60 45 3 35 53 18 61 17 23 39 48 36 0 35 35 40 32 56 42 1 13 48 30 46 33 34 20 32 
0 0 0 52 0 0 0 0 0 0 0 0 0 0 0 28 0 0 0 0 0 0 0 0 0 0 0 0 47 24 22 0 49 23 4 45 29 45 20 42 57 60 1 37 20 42 53 51 60 30 36 62 34 56 32 31 13 4 45 34 0 15 19 32 
0 0 0 34 0 0 0 0 0 0 0 0 0 0 0 0 5 0 0 0 0 0 0 0 0 0 0 0 43 22 22 50 30 13 0 46 56 45 10 42 48 45 48 35 38 60 25 26 0 25 4 62 36 56 7 20 13 60 59 39 60 55 48 32 
0 0 0 49 0 0 0 0 0 0 0 0 0 0 0 0 0 60 0 0 0 0 0 0 0 0 0 0 62 29 22 0 47 5 45 55 49 4 54 35 27 45 0 59 45 36 31 37 33 33 7 40 19 12 29 62 3 43 16 8 33 60 17 7 
0 0 0 43 0 0 0 0 0 0 0 0 0 0 0 0 0 0 26 0 0 0 0 0 0 0 0 0 45 38 40 0 30 19 0 44 47 45 30 9 18 50 1 24 13 54 53 35 33 25 7 0 36 12 21 5 3 18 38 14 60 15 54 0 
0 0 0 27 0 0 0 0 0 0 0 0 0 0 0 0 0 0 0 30 0 0 0 0 0 0 0 0 16 1 0 0 30 50 45 24 18 45 48 0 32 32 48 40 4 33 40 60 33 0 2 40 16 12 20 52 3 17 17 29 0 38 2 0 
0 0 0 12 0 0 0 0 0 0 0 0 0 0 0 0 0 0 0 0 5 0 0 0 0 0 0 0 9 31 0 16 30 63 41 24 43 45 32 42 38 46 14 16 15 50 41 16 33 17 19 0 28 52 44 17 3 24 46 44 29 61 1 0 
0 0 0 61 0 0 0 0 0 0 0 0 0 0 0 0 0 0 0 0 0 0 0 0 0 0 0 0 25 28 40 34 47 13 0 61 58 41 28 0 5 2 39 44 30 29 55 57 0 4 46 62 63 0 41 9 14 2 17 24 33 12 40 39 
0 0 0 2 0 0 0 0 0 0 0 0 0 0 0 0 0 0 0 0 0 0 18 0 0 0 0 0 26 53 22 16 30 33 41 8 55 4 15 9 2 39 10 62 39 47 16 35 0 0 55 0 61 12 58 24 13 26 6 37 60 12 9 39 
0 0 0 26 0 0 0 0 0 0 0 0 0 0 0 0 0 0 0 0 0 0 0 16 0 0 0 0 1 24 40 16 47 22 45 10 18 45 63 35 8 14 58 3 45 57 29 62 29 9 55 0 22 56 47 43 3 20 35 53 60 45 5 39 
0 0 0 18 0 0 0 0 0 0 0 0 0 0 0 0 0 0 0 0 0 0 0 0 54 0 0 0 62 48 0 0 47 4 41 1 32 0 11 9 22 58 21 31 22 5 7 47 29 40 22 62 63 0 3 2 0 44 29 41 60 29 23 39 
0 0 0 48 0 0 0 0 0 0 0 0 0 0 0 0 0 0 0 0 0 0 0 0 0 36 0 0 31 47 40 34 47 15 0 28 10 45 11 35 12 53 35 44 18 31 40 26 29 48 63 62 17 12 44 5 13 13 41 24 60 39 24 0 
0 0 0 57 0 0 0 0 0 0 0 0 0 0 0 0 0 0 0 0 0 0 0 0 0 0 31 0 23 17 62 50 47 42 0 23 3 41 50 9 55 10 19 1 4 10 48 47 33 53 1 40 32 0 19 59 14 55 23 58 33 51 63 7 
0 0 0 1 0 0 0 0 0 0 0 0 0 0 0 0 0 0 0 0 0 0 0 0 0 0 0 35 19 51 0 16 30 43 4 44 1 0 24 35 15 30 59 50 22 59 47 37 33 59 5 0 33 52 41 33 0 13 45 1 29 50 59 0 
0 0 0 0 12 49 0 0 0 0 0 0 0 0 0 0 0 0 0 0 0 0 0 0 0 0 0 0 45 36 0 17 51 47 19 4 9 14 42 59 38 25 26 61 17 3 18 34 58 15 0 41 24 24 14 53 52 47 4 15 22 6 0 23 
0 0 0 0 44 0 36 0 0 0 0 0 0 0 0 0 0 0 0 0 0 0 0 0 0 0 0 0 28 32 0 19 19 20 19 4 60 31 34 13 39 2 60 30 33 45 38 17 45 15 0 55 22 17 12 56 4 46 52 0 40 41 12 18 
0 0 0 0 19 0 0 15 0 0 0 0 0 0 0 0 0 0 0 0 0 0 0 0 0 0 0 0 10 55 11 31 40 25 63 41 33 36 12 21 55 27 45 48 14 26 18 58 48 0 0 9 8 61 30 62 63 31 52 54 8 35 52 0 
0 0 0 0 62 0 0 0 53 0 0 0 0 0 0 0 0 0 0 0 0 0 0 0 0 0 0 0 5 40 31 2 50 36 19 41 63 27 25 23 5 31 9 53 39 40 44 27 3 15 0 34 16 44 56 58 21 52 21 54 33 19 52 5 
0 0 0 0 0 0 0 0 0 19 0 0 0 0 0 0 0 0 0 0 0 0 0 0 0 0 0 0 0 46 11 47 58 11 63 4 35 44 4 18 53 51 62 12 56 21 31 1 48 54 0 56 45 3 40 58 61 57 45 15 11 9 56 18 
0 0 0 0 34 0 0 0 0 0 18 0 0 0 0 0 0 0 0 0 0 0 0 0 0 0 0 0 39 33 0 30 58 15 19 45 26 16 13 39 54 27 34 4 38 37 25 23 5 15 0 41 20 53 53 48 43 0 17 57 57 17 56 0 
0 0 0 0 41 0 0 0 0 0 0 32 0 0 0 0 0 0 0 0 0 0 0 0 0 0 0 0 36 62 11 37 23 5 0 4 27 5 44 3 32 63 38 36 23 48 13 18 31 15 0 3 31 17 22 5 57 38 31 15 44 16 56 23 
0 0 0 0 52 0 0 0 0 0 0 0 48 0 0 0 0 0 0 0 0 0 0 0 0 0 0 0 8 58 20 36 19 11 63 41 54 7 58 30 28 37 46 11 51 40 34 56 46 15 0 57 18 39 25 46 11 7 5 0 55 53 12 5 
0 0 0 0 43 0 0 0 0 0 0 0 0 32 0 0 0 0 0 0 0 0 0 0 0 0 0 0 0 1 11 10 41 45 0 41 8 51 40 28 31 55 0 0 50 52 53 9 21 54 0 22 51 47 31 58 33 16 15 0 59 59 56 18 
0 0 0 0 21 0 0 0 0 0 0 0 0 0 13 0 0 0 0 0 0 0 0 0 0 0 0 0 55 58 20 46 48 27 0 45 40 0 19 60 13 18 30 8 23 27 22 56 7 57 0 53 35 62 42 59 33 48 48 0 20 27 56 5 
0 0 0 0 42 0 0 0 0 0 0 0 0 0 0 0 0 0 0 0 0 0 0 0 0 0 0 0 20 22 20 63 33 53 63 0 29 28 54 23 52 60 63 4 62 34 8 42 7 57 0 27 16 6 32 28 61 38 41 15 10 45 52 5 
0 0 0 0 11 0 0 0 0 0 0 0 0 0 0 0 50 0 0 0 0 0 0 0 0 0 0 0 29 27 20 58 44 38 0 45 39 47 10 9 30 12 2 1 12 38 36 28 1 0 0 44 10 39 41 11 54 30 1 57 43 53 52 5 
0 0 0 0 0 0 0 0 0 0 0 0 0 0 0 0 0 13 0 0 0 0 0 0 0 0 0 0 22 33 20 51 37 34 44 45 37 39 20 14 6 12 23 35 14 20 34 48 15 57 0 11 59 47 51 57 13 43 8 15 22 42 12 18 
0 0 0 0 8 0 0 0 0 0 0 0 0 0 0 0 0 0 20 0 0 0 0 0 0 0 0 0 35 43 31 22 60 28 0 45 36 49 14 45 44 19 63 42 46 56 8 58 21 57 0 37 35 44 31 11 3 18 60 15 33 38 12 0 
0 0 0 0 21 0 0 0 0 0 0 0 0 0 0 0 0 0 0 13 0 0 0 0 0 0 0 0 56 30 0 58 58 5 44 0 6 19 32 36 6 28 16 7 46 60 40 19 57 57 0 26 31 9 48 21 40 1 9 57 0 41 56 0 
0 0 0 0 40 0 0 0 0 0 0 0 0 0 0 0 0 0 0 0 40 0 0 0 0 0 0 0 35 49 0 49 62 19 19 41 52 59 18 0 32 51 17 59 44 17 20 0 9 15 0 15 6 8 2 0 53 58 31 54 21 15 52 0 
0 0 0 0 62 0 0 0 0 0 0 0 0 0 0 0 0 0 0 0 0 46 0 0 0 0 0 0 27 15 31 28 27 3 0 41 37 62 28 14 40 2 16 46 30 26 55 4 9 0 0 12 1 42 41 34 13 48 8 15 8 43 12 23 
0 0 0 0 62 0 0 0 0 0 0 0 0 0 0 0 0 0 0 0 0 0 50 0 0 0 0 0 28 7 20 2 60 12 19 0 55 22 61 3 14 6 43 40 39 49 54 42 49 15 0 2 27 6 58 34 16 10 27 54 51 43 56 23 
0 0 0 0 23 0 0 0 0 0 0 0 0 0 0 0 0 0 0 0 0 0 0 13 0 0 0 0 30 38 31 49 22 43 44 41 25 13 47 25 43 14 62 14 45 15 29 52 58 15 0 37 5 3 1 1 50 4 42 54 61 54 52 23 
0 0 0 0 45 0 0 0 0 0 0 0 0 0 0 0 0 0 0 0 0 0 0 0 20 0 0 0 56 21 0 39 28 41 19 45 52 7 57 0 62 58 55 28 31 41 7 30 4 54 0 21 1 55 39 61 35 30 61 54 50 60 52 23 
0 0 0 0 51 0 0 0 0 0 0 0 0 0 0 0 0 0 0 0 0 0 0 0 0 47 0 0 11 36 31 7 26 35 0 41 21 32 27 4 3 40 61 55 18 21 14 28 2 54 0 22 33 57 38 11 62 13 63 54 23 24 56 0 
0 0 0 0 1 0 0 0 0 0 0 0 0 0 0 0 0 0 0 0 0 0 0 0 0 0 14 0 60 12 11 48 1 19 0 4 28 10 0 3 57 54 58 59 13 36 22 60 5 0 0 46 10 58 61 58 25 39 40 57 3 19 0 18 
0 0 0 0 0 0 0 0 0 0 0 0 0 0 0 0 0 0 0 0 0 0 0 0 0 0 0 29 27 14 0 31 59 40 63 4 1 59 58 12 55 3 1 24 53 58 18 32 62 0 0 59 48 43 7 37 1 29 19 54 12 41 0 0 
0 0 0 0 0 17 49 0 0 0 0 0 0 0 0 0 0 0 0 0 0 0 0 0 0 0 0 0 26 32 0 46 56 49 38 1 29 11 50 54 1 2 33 23 52 45 30 17 5 62 62 6 48 35 1 13 56 30 25 34 62 0 60 59 
0 0 0 0 0 50 0 35 0 0 0 0 0 0 0 0 0 0 0 0 0 0 0 0 0 0 0 0 13 61 52 26 3 47 53 47 60 10 56 20 55 27 51 51 5 25 5 8 31 29 22 3 42 27 29 60 12 30 29 13 30 0 33 14 
0 0 0 0 0 1 0 0 28 0 0 0 0 0 0 0 0 0 0 0 0 0 0 0 0 0 0 0 63 6 12 55 42 30 41 26 48 38 34 22 56 23 35 63 32 38 45 57 14 59 40 31 25 56 53 58 56 30 60 17 9 0 33 63 
0 0 0 0 0 54 0 0 0 49 0 0 0 0 0 0 0 0 0 0 0 0 0 0 0 0 0 0 45 36 52 22 34 0 15 23 35 19 3 41 53 34 10 18 52 24 6 17 36 53 0 29 2 21 38 13 52 47 41 11 53 28 29 47 
0 0 0 0 0 10 0 0 0 0 10 0 0 0 0 0 0 0 0 0 0 0 0 0 0 0 0 0 36 33 0 57 58 49 35 27 37 49 3 28 16 2 12 54 2 43 26 7 19 58 62 0 44 49 56 48 56 47 60 39 17 26 29 8 
0 0 0 0 0 34 0 0 0 0 0 34 0 0 0 0 0 0 0 0 0 0 0 0 0 0 0 0 7 16 52 56 23 49 36 54 23 23 21 57 29 46 59 17 5 48 17 2 21 40 62 39 56 35 22 7 12 47 50 48 4 28 29 49 
0 0 0 0 0 21 0 0 0 0 0 0 61 0 0 0 0 0 0 0 0 0 0 0 0 0 0 0 17 20 56 27 56 47 11 4 57 35 1 37 58 60 36 41 50 37 50 10 10 41 62 34 5 44 23 27 0 0 5 55 31 6 60 8 
0 0 0 0 0 32 0 0 0 0 0 0 0 34 0 0 0 0 0 0 0 0 0 0 0 0 0 0 45 11 52 55 49 47 35 6 50 27 31 28 31 46 26 38 24 52 32 43 11 5 40 58 43 6 18 13 56 0 38 43 19 28 29 15 
0 0 0 0 0 9 0 0 0 0 0 0 0 0 17 0 0 0 0 0 0 0 0 0 0 0 0 0 6 30 56 44 48 47 57 60 53 3 6 61 22 18 55 63 5 21 41 40 39 48 62 30 50 14 42 59 52 0 29 10 2 26 29 29 
0 0 0 0 0 21 0 0 0 0 0 0 0 0 0 49 0 0 0 0 0 0 0 0 0 0 0 0 38 28 56 44 10 30 56 4 33 5 26 45 18 60 42 11 57 33 3 58 28 13 22 57 50 2 32 41 52 30 41 8 10 28 33 23 
0 0 0 0 0 28 0 0 0 0 0 0 0 0 0 0 2 0 0 0 0 0 0 0 0 0 0 0 8 17 56 51 52 47 28 60 10 29 36 51 56 29 45 7 41 40 60 28 59 25 62 59 46 31 36 11 52 30 1 27 21 0 33 23 
0 0 0 0 0 4 0 0 0 0 0 0 0 0 0 0 0 12 0 0 0 0 0 0 0 0 0 0 62 33 56 24 22 30 34 52 54 9 40 15 32 29 8 49 20 25 32 48 55 50 62 54 25 53 62 14 12 0 33 43 0 26 60 32 
0 0 0 0 0 62 0 0 0 0 0 0 0 0 0 0 0 0 32 0 0 0 0 0 0 0 0 0 36 5 12 40 36 30 41 9 39 44 39 22 10 2 42 18 19 59 3 24 49 10 0 21 25 56 28 9 12 0 17 55 31 6 60 1 
0 0 0 0 0 23 0 0 0 0 0 0 0 0 0 0 0 0 0 47 0 0 0 0 0 0 0 0 25 20 0 59 34 49 27 51 63 60 45 36 59 5 52 6 27 60 22 3 14 19 0 47 32 8 62 23 12 49 36 26 0 28 29 43 
0 0 0 0 0 1 0 0 0 0 0 0 0 0 0 0 0 0 0 0 52 0 0 0 0 0 0 0 9 59 0 62 38 0 29 60 38 2 30 58 6 59 20 26 38 18 25 16 43 61 22 54 26 42 15 2 12 30 27 62 61 28 33 58 
0 0 0 0 0 62 0 0 0 0 0 0 0 0 0 0 0 0 0 0 0 21 0 0 0 0 0 0 16 43 12 31 40 0 10 41 63 27 26 14 51 2 40 2 47 20 2 20 42 4 62 60 17 9 41 23 56 47 8 9 30 6 60 8 
0 0 0 0 0 60 0 0 0 0 0 0 0 0 0 0 0 0 0 0 0 0 36 0 0 0 0 0 26 41 56 38 36 30 9 17 2 38 47 56 40 23 53 62 32 49 46 42 30 44 22 53 38 49 58 21 52 49 54 20 13 6 29 23 
0 0 0 0 0 41 0 0 0 0 0 0 0 0 0 0 0 0 0 0 0 0 0 35 0 0 0 0 43 2 12 62 37 49 8 43 1 13 27 24 48 14 16 3 4 15 33 6 59 37 40 21 60 21 12 3 12 49 42 54 3 6 33 30 
0 0 0 0 0 15 0 0 0 0 0 0 0 0 0 0 0 0 0 0 0 0 0 0 26 0 0 0 29 59 0 7 47 0 61 13 47 32 6 59 62 58 41 59 28 39 39 30 19 23 62 52 17 53 41 8 0 47 16 44 12 0 33 37 
0 0 0 0 0 48 0 0 0 0 0 0 0 0 0 0 0 0 0 0 0 0 0 0 0 56 0 0 31 0 12 57 41 49 46 21 26 36 23 5 37 32 1 8 23 22 26 28 15 15 62 58 46 29 37 9 52 0 59 50 41 6 29 35 
0 0 0 0 0 36 0 0 0 0 0 0 0 0 0 0 0 0 0 0 0 0 0 0 0 0 22 0 52 40 52 29 50 30 59 60 48 35 9 56 31 47 61 1 11 36 41 14 19 53 0 35 5 59 48 58 56 49 1 58 21 26 0 51 
0 0 0 0 0 1 0 0 0 0 0 0 0 0 0 0 0 0 0 0 0 0 0 0 0 0 0 17 57 4 0 26 35 30 45 6 59 1 34 13 10 11 58 22 46 58 5 2 41 59 62 58 62 0 10 39 0 49 58 58 36 26 0 58 
0 0 0 0 0 0 49 17 0 0 0 0 0 0 0 0 0 0 0 0 0 0 0 0 0 0 0 0 6 39 20 12 58 28 8 20 0 0 0 27 55 0 60 10 30 45 35 25 8 29 61 20 54 27 27 50 5 47 52 50 32 0 45 3 
0 0 0 0 0 0 14 0 10 0 0 0 0 0 0 0 0 0 0 0 0 0 0 0 0 0 0 0 28 7 11 2 47 49 15 33 33 0 34 25 2 53 0 41 7 4 53 17 14 5 37 18 56 27 12 58 8 28 41 50 31 0 48 22 
0 0 0 0 0 0 48 0 0 59 0 0 0 0 0 0 0 0 0 0 0 0 0 0 0 0 0 0 28 39 20 16 62 31 50 22 29 0 34 31 53 55 33 23 12 41 45 8 33 29 16 59 5 28 26 14 31 24 29 34 29 45 50 31 
0 0 0 0 0 0 31 0 0 0 33 0 0 0 0 0 0 0 0 0 0 0 0 0 0 0 0 0 26 0 0 33 1 61 5 33 33 11 0 42 17 2 33 24 1 4 55 8 22 4 15 6 42 27 15 48 30 46 48 16 7 4 25 25 
0 0 0 0 0 0 7 0 0 0 0 39 0 0 0 0 0 0 0 0 0 0 0 0 0 0 0 0 6 7 20 26 5 25 36 55 29 0 34 0 39 55 29 31 18 0 40 8 16 22 60 58 33 0 62 9 31 19 51 34 18 45 41 20 
0 0 0 0 0 0 36 0 0 0 0 0 17 0 0 0 0 0 0 0 0 0 0 0 0 0 0 0 0 7 31 55 0 11 54 63 0 11 0 19 59 2 0 1 36 41 16 25 10 23 20 52 18 15 4 22 20 32 23 0 9 41 58 35 
0 0 0 0 0 0 10 0 0 0 0 0 0 33 0 0 0 0 0 0 0 0 0 0 0 0 0 0 28 39 20 38 18 16 35 61 33 11 16 28 31 2 60 47 63 0 25 17 25 45 43 29 13 15 44 14 48 50 53 0 5 45 53 56 
0 0 0 0 0 0 16 0 0 0 0 0 0 0 44 0 0 0 0 0 0 0 0 0 0 0 0 0 26 32 31 17 37 41 57 6 33 11 34 50 45 0 29 62 18 4 51 8 39 38 30 53 53 7 35 59 25 21 45 0 60 4 1 6 
0 0 0 0 0 0 25 0 0 0 0 0 0 0 0 37 0 0 0 0 0 0 0 0 0 0 0 0 28 39 31 63 16 40 5 4 0 11 50 20 19 0 29 6 55 45 63 8 14 27 50 19 16 11 7 36 31 25 4 34 10 45 16 40 
0 0 0 0 0 0 31 0 0 0 0 0 0 0 0 0 37 0 0 0 0 0 0 0 0 0 0 0 6 39 31 5 0 15 28 6 29 11 0 10 57 55 60 37 21 4 44 0 59 25 25 38 10 22 21 11 11 21 58 16 61 0 58 40 
0 0 0 0 0 0 25 0 0 0 0 0 0 0 0 0 0 17 0 0 0 0 0 0 0 0 0 0 0 0 31 51 6 45 57 14 33 31 50 0 33 55 60 56 63 41 54 0 50 36 20 35 45 22 19 13 39 51 21 34 62 4 57 38 
0 0 0 0 0 0 53 0 0 0 0 0 0 0 0 0 0 0 63 0 0 0 0 0 0 0 0 0 28 7 11 22 34 5 41 51 60 11 34 32 11 55 29 18 24 45 63 17 52 28 32 48 29 27 32 7 36 5 25 34 55 41 62 58 
0 0 0 0 0 0 59 0 0 0 0 0 0 0 0 0 0 0 0 41 0 0 0 0 0 0 0 0 28 39 0 58 62 25 0 51 33 11 34 36 1 2 29 8 5 0 62 8 11 5 55 43 55 43 41 25 23 48 27 16 0 45 41 51 
0 0 0 0 0 0 11 0 0 0 0 0 0 0 0 0 0 0 0 0 39 0 0 0 0 0 0 0 0 39 0 34 23 44 59 7 29 11 16 3 7 53 33 11 47 45 57 8 46 3 7 57 6 0 13 12 43 31 63 50 43 45 21 59 
0 0 0 0 0 0 47 0 0 0 0 0 0 0 0 0 0 0 0 0 0 20 0 0 0 0 0 0 28 32 11 48 46 14 10 18 29 20 0 14 8 0 60 37 49 4 53 8 42 4 16 1 41 9 45 26 35 59 25 34 32 41 15 34 
0 0 0 0 0 0 2 0 0 0 0 0 0 0 0 0 0 0 0 0 0 0 61 0 0 0 0 0 0 7 31 17 34 39 47 17 0 31 16 14 41 55 29 22 7 0 20 0 30 18 13 55 27 18 1 22 54 36 30 50 37 41 61 41 
0 0 0 0 0 0 47 0 0 0 0 0 0 0 0 0 0 0 0 0 0 0 0 12 0 0 0 0 26 32 11 34 45 19 19 16 60 11 34 23 11 0 29 13 41 0 60 25 44 27 57 48 45 28 3 13 11 39 9 50 43 41 56 10 
0 0 0 0 0 0 10 0 0 0 0 0 0 0 0 0 0 0 0 0 0 0 0 0 32 0 0 0 6 7 0 39 9 45 27 55 33 0 16 13 62 0 33 4 22 4 32 0 4 63 28 16 41 53 44 5 42 31 35 50 36 0 61 11 
0 0 0 0 0 0 26 0 0 0 0 0 0 0 0 0 0 0 0 0 0 0 0 0 0 12 0 0 0 32 11 43 21 2 46 46 29 11 34 10 36 53 60 28 5 45 24 0 24 39 24 29 31 62 47 7 18 14 24 50 1 41 53 42 
0 0 0 0 0 0 21 0 0 0 0 0 0 0 0 0 0 0 0 0 0 0 0 0 0 0 32 0 6 32 20 15 40 51 59 61 29 20 16 14 30 2 29 58 19 0 51 25 22 53 58 19 34 59 30 58 60 13 50 16 43 4 44 25 
0 0 0 0 0 0 1 0 0 0 0 0 0 0 0 0 0 0 0 0 0 0 0 0 0 0 0 25 26 39 0 12 5 9 16 7 0 0 50 2 48 53 0 45 62 0 35 17 44 59 35 1 24 42 31 41 58 54 51 50 50 4 1 59 
0 0 0 0 0 0 0 52 28 0 0 0 0 0 0 0 0 0 0 0 0 0 0 0 0 0 0 0 29 60 31 2 46 53 49 55 29 0 12 55 53 61 9 7 7 46 62 7 3 29 22 8 59 27 35 59 28 51 60 26 56 0 60 13 
0 0 0 0 0 0 0 14 0 17 0 0 0 0 0 0 0 0 0 0 0 0 0 0 0 0 0 0 10 17 20 36 63 11 59 42 60 0 12 16 0 38 23 29 12 9 13 0 21 33 50 49 29 61 32 19 25 41 48 18 26 9 38 3 
0 0 0 0 0 0 0 12 0 0 27 0 0 0 0 0 0 0 0 0 0 0 0 0 0 0 0 0 35 29 10 21 1 7 31 35 29 10 0 18 55 27 11 60 48 35 11 62 32 29 4 3 26 38 45 21 52 31 33 46 32 42 21 0 
0 0 0 0 0 0 0 50 0 0 0 59 0 0 0 0 0 0 0 0 0 0 0 0 0 0 0 0 36 20 46 46 5 13 10 22 60 0 12 61 53 38 34 59 18 48 31 44 58 29 28 10 5 27 40 1 28 34 44 40 53 9 0 14 
0 0 0 0 0 0 0 15 0 0 0 0 6 0 0 0 0 0 0 0 0 0 0 0 0 0 0 0 25 57 46 59 58 18 22 24 0 10 0 36 55 27 46 47 21 52 34 53 46 29 34 19 23 27 15 26 31 32 18 2 46 35 22 13 
0 0 0 0 0 0 0 58 0 0 0 0 0 53 0 0 0 0 0 0 0 0 0 0 0 0 0 0 10 15 11 30 19 52 42 45 29 10 52 6 0 27 45 37 33 52 34 16 0 33 21 53 58 61 36 19 16 50 58 24 34 9 6 3 
0 0 0 0 0 0 0 25 0 0 0 0 0 0 61 0 0 0 0 0 0 0 0 0 0 0 0 0 17 12 25 37 37 2 54 3 29 10 12 4 2 0 26 52 18 29 1 15 7 60 12 60 1 61 9 1 3 21 29 36 28 42 62 13 
0 0 0 0 0 0 0 29 0 0 0 0 0 0 0 56 0 0 0 0 0 0 0 0 0 0 0 0 21 29 61 63 42 36 14 41 0 10 56 34 55 0 59 12 24 56 26 24 18 60 57 56 34 61 39 56 25 54 45 28 10 9 27 13 
0 0 0 0 0 0 0 52 0 0 0 0 0 0 0 0 22 0 0 0 0 0 0 0 0 0 0 0 18 19 47 49 1 63 6 3 60 10 0 19 55 38 47 11 58 32 54 26 1 0 44 15 36 61 43 20 6 58 59 51 58 0 18 13 
0 0 0 0 0 0 0 2 0 0 0 0 0 0 0 0 0 54 0 0 0 0 0 0 0 0 0 0 40 29 42 51 61 51 39 18 29 36 56 38 55 38 58 28 14 8 48 37 42 60 34 2 50 27 55 30 16 51 29 21 30 42 27 3 
0 0 0 0 0 0 0 41 0 0 0 0 0 0 0 0 0 0 43 0 0 0 0 0 0 0 0 0 32 49 47 22 35 13 4 52 33 10 12 60 55 38 59 54 41 34 26 59 48 60 39 37 24 27 58 2 29 5 37 15 48 35 59 0 
0 0 0 0 0 0 0 13 0 0 0 0 0 0 0 0 0 0 0 33 0 0 0 0 0 0 0 0 6 4 30 58 63 13 17 43 29 10 12 10 53 27 20 2 42 60 40 23 28 60 53 19 13 27 11 51 5 46 18 8 0 9 0 0 
0 0 0 0 0 0 0 1 0 0 0 0 0 0 0 0 0 0 0 0 38 0 0 0 0 0 0 0 42 26 59 46 22 19 9 44 60 10 52 48 55 61 56 47 30 11 6 59 44 29 59 15 28 38 24 22 36 48 32 43 12 9 12 0 
0 0 0 0 0 0 0 31 0 0 0 0 0 0 0 0 0 0 0 0 0 20 0 0 0 0 0 0 44 14 49 8 21 3 46 28 60 46 0 3 2 0 61 47 49 28 55 18 9 0 15 47 34 0 4 46 47 10 17 39 0 35 20 14 
0 0 0 0 0 0 0 30 0 0 0 0 0 0 0 0 0 0 0 0 0 0 27 0 0 0 0 0 6 34 14 29 35 29 22 25 0 36 52 24 55 38 47 22 7 49 33 35 49 29 21 2 61 27 59 56 29 58 5 8 34 35 31 14 
0 0 0 0 0 0 0 13 0 0 0 0 0 0 0 0 0 0 0 0 0 0 0 11 0 0 0 0 21 10 48 46 22 35 46 41 33 10 12 52 2 0 58 13 41 15 29 13 10 29 16 37 11 61 21 44 3 57 35 58 44 35 37 14 
0 0 0 0 0 0 0 21 0 0 0 0 0 0 0 0 0 0 0 0 0 0 0 0 23 0 0 0 34 39 51 39 50 41 46 29 29 0 52 21 0 0 30 42 8 47 7 47 52 33 59 54 34 0 25 37 9 46 30 60 35 0 50 14 
0 0 0 0 0 0 0 62 0 0 0 0 0 0 0 0 0 0 0 0 0 0 0 0 0 55 0 0 20 61 39 19 46 43 36 1 60 10 12 8 55 61 16 50 5 15 25 26 50 33 22 53 45 27 12 2 23 14 39 19 6 35 6 0 
0 0 0 0 0 0 0 0 0 0 0 0 0 0 0 0 0 0 0 0 0 0 0 0 0 0 34 0 15 3 36 59 19 2 1 50 60 46 52 24 55 27 62 58 13 36 1 28 32 0 59 39 61 0 52 59 36 19 26 15 11 42 19 3 
0 0 0 0 0 0 0 1 0 0 0 0 0 0 0 0 0 0 0 0 0 0 0 0 0 0 0 61 2 54 59 0 4 57 43 51 0 0 56 17 53 61 1 3 15 58 0 61 27 0 23 59 60 38 15 38 59 40 32 2 21 42 58 0 
0 0 0 0 0 0 0 0 57 1 0 0 0 0 0 0 0 0 0 0 0 0 0 0 0 0 0 0 5 52 20 55 25 20 11 31 57 0 29 18 2 32 35 59 0 14 51 39 14 15 34 22 27 33 46 1 14 2 17 14 40 44 7 29 
0 0 0 0 0 0 0 0 54 0 7 0 0 0 0 0 0 0 0 0 0 0 0 0 0 0 0 0 53 60 36 55 59 23 10 33 48 38 13 16 10 34 35 6 32 3 53 49 14 1 19 31 61 61 3 0 22 52 60 40 43 63 52 17 
0 0 0 0 0 0 0 0 7 0 0 15 0 0 0 0 0 0 0 0 0 0 0 0 0 0 0 0 51 62 21 55 18 57 36 35 53 0 53 8 48 24 42 38 0 37 33 52 14 19 56 44 41 27 62 59 6 9 49 52 14 44 33 33 
0 0 0 0 0 0 0 0 0 0 0 0 45 0 0 0 0 0 0 0 0 0 0 0 0 0 0 0 8 23 1 2 47 48 15 47 15 38 58 38 3 10 0 62 32 40 34 5 0 18 46 61 5 20 48 58 20 32 18 2 40 19 11 2 
0 0 0 0 0 0 0 0 0 0 0 0 0 28 0 0 0 0 0 0 0 0 0 0 0 0 0 0 5 5 0 53 38 13 35 26 53 38 57 6 11 29 9 55 7 12 10 18 13 63 13 46 58 50 32 1 56 50 6 24 28 44 39 26 
0 0 0 0 0 0 0 0 9 0 0 0 0 0 14 0 0 0 0 0 0 0 0 0 0 0 0 0 37 41 3 55 21 2 57 1 18 38 10 51 28 23 42 63 0 43 41 30 0 49 10 21 58 58 35 0 8 21 0 36 62 63 31 50 
0 0 0 0 0 0 0 0 5 0 0 0 0 0 0 28 0 0 0 0 0 0 0 0 0 0 0 0 17 0 45 0 13 8 60 41 60 38 62 23 61 29 42 51 39 26 36 12 13 12 32 45 50 54 7 58 14 5 45 0 46 44 39 22 
0 0 0 0 0 0 0 0 15 0 0 0 0 0 0 0 52 0 0 0 0 0 0 0 0 0 0 0 10 3 58 55 49 25 28 1 20 38 10 38 52 51 9 52 39 13 8 28 0 25 45 47 46 43 25 0 26 9 59 53 15 0 46 22 
0 0 0 0 0 0 0 0 51 0 0 0 0 0 0 0 0 31 0 0 0 0 0 0 0 0 0 0 22 60 40 0 2 26 15 16 28 27 28 17 31 51 9 33 32 53 14 48 14 51 46 61 17 13 31 1 62 51 33 9 9 63 6 43 
0 0 0 0 0 0 0 0 56 0 0 0 0 0 0 0 0 0 34 0 0 0 0 0 0 0 0 0 38 14 37 0 3 12 41 54 53 38 23 62 22 39 42 40 32 28 36 33 14 11 7 21 8 0 24 59 61 5 56 19 33 19 38 59 
0 0 0 0 0 0 0 0 52 0 0 0 0 0 0 0 0 0 0 33 0 0 0 0 0 0 0 0 61 17 47 0 25 57 54 43 54 38 57 10 13 5 42 48 39 29 40 53 14 18 2 36 57 48 29 59 14 54 15 14 0 44 33 24 
0 0 0 0 0 0 0 0 57 0 0 0 0 0 0 0 0 0 0 0 4 0 0 0 0 0 0 0 35 32 58 2 52 63 52 27 43 38 3 5 34 63 35 57 32 49 56 38 14 6 23 54 26 38 1 59 50 3 1 49 56 44 48 1 
0 0 0 0 0 0 0 0 27 0 0 0 0 0 0 0 0 0 0 0 0 10 0 0 0 0 0 0 30 30 10 53 20 13 10 43 35 61 28 3 44 53 9 25 0 16 55 34 0 4 7 40 8 9 45 58 43 33 17 59 56 19 9 46 
0 0 0 0 0 0 0 0 15 0 0 0 0 0 0 0 0 0 0 0 0 0 51 0 0 0 0 0 28 49 6 2 3 62 32 25 53 27 44 26 6 23 42 40 0 30 9 42 0 23 51 53 38 9 1 1 39 34 24 18 36 19 62 58 
0 0 0 0 0 0 0 0 55 0 0 0 0 0 0 0 0 0 0 0 0 0 0 38 0 0 0 0 12 51 49 2 26 29 37 30 46 38 54 3 33 13 42 14 0 54 29 9 3 30 26 21 37 33 15 59 18 33 35 32 39 19 25 16 
0 0 0 0 0 0 0 0 21 0 0 0 0 0 0 0 0 0 0 0 0 0 0 0 47 0 0 0 47 38 43 0 52 4 20 31 20 0 40 23 22 1 35 41 7 59 7 30 3 45 63 32 8 53 24 58 42 5 3 38 30 0 14 42 
0 0 0 0 0 0 0 0 20 0 0 0 0 0 0 0 0 0 0 0 0 0 0 0 0 2 0 0 11 6 52 53 46 4 46 54 54 38 2 63 8 2 9 2 0 24 49 28 3 53 22 46 63 37 23 59 3 14 6 9 46 19 39 9 
0 0 0 0 0 0 0 0 53 0 0 0 0 0 0 0 0 0 0 0 0 0 0 0 0 0 27 0 43 16 49 55 8 53 59 7 21 61 17 26 51 38 42 59 7 46 41 1 14 53 1 40 28 59 18 0 52 11 38 9 44 63 19 7 
0 0 0 0 0 0 0 0 1 0 0 0 0 0 0 0 0 0 0 0 0 0 0 0 0 0 0 16 9 51 58 2 35 52 41 6 58 0 50 38 34 26 0 45 32 1 62 59 14 59 44 58 39 12 19 59 58 48 28 24 41 63 58 1 
0 0 0 0 0 0 0 0 0 48 26 0 0 0 0 0 0 0 0 0 0 0 0 0 0 0 0 0 39 29 10 47 59 31 37 9 44 19 13 53 53 21 6 29 52 0 6 40 55 52 16 29 27 59 35 37 48 57 56 51 27 58 24 25 
0 0 0 0 0 0 0 0 0 11 0 63 0 0 0 0 0 0 0 0 0 0 0 0 0 0 0 0 36 28 58 46 18 31 10 33 52 0 40 20 2 52 21 26 0 21 18 63 49 35 16 59 15 28 22 41 31 31 54 59 43 8 61 0 
0 0 0 0 0 0 0 0 0 37 0 0 6 0 0 0 0 0 0 0 0 0 0 0 0 0 0 0 8 49 49 37 62 11 45 1 57 19 58 12 53 3 36 19 52 27 34 55 10 24 16 13 5 42 49 48 11 7 5 55 22 62 51 40 
0 0 0 0 0 0 0 0 0 36 0 0 0 31 0 0 0 0 0 0 0 0 0 0 0 0 0 0 0 30 31 31 63 11 42 3 59 19 5 28 0 6 62 56 12 56 33 34 37 37 34 26 28 44 9 0 58 16 11 43 46 16 39 39 
0 0 0 0 0 0 0 0 0 39 0 0 0 0 8 0 0 0 0 0 0 0 0 0 0 0 0 0 55 21 6 58 21 11 54 46 60 19 23 57 55 5 25 41 0 22 2 54 39 39 16 13 7 61 42 58 28 48 25 10 0 30 43 13 
0 0 0 0 0 0 0 0 0 12 0 0 0 0 0 53 0 0 0 0 0 0 0 0 0 0 0 0 20 12 34 44 28 20 53 4 33 19 31 0 53 33 4 17 56 5 23 51 50 1 50 23 50 5 32 32 0 16 41 3 36 46 0 35 
0 0 0 0 0 0 0 0 0 22 0 0 0 0 0 0 8 0 0 0 0 0 0 0 0 0 0 0 29 2 48 37 40 11 6 46 41 19 10 30 53 44 9 55 56 13 59 6 59 8 16 32 46 36 63 31 11 40 1 15 7 55 35 35 
0 0 0 0 0 0 0 0 0 58 0 0 0 0 0 0 0 28 0 0 0 0 0 0 0 0 0 0 22 29 53 24 10 20 38 38 63 44 61 11 53 44 44 61 52 58 61 21 19 18 16 51 44 34 37 14 43 43 12 32 53 0 61 57 
0 0 0 0 0 0 0 0 0 44 0 0 0 0 0 0 0 0 26 0 0 0 0 0 0 0 0 0 35 57 36 40 26 20 4 27 13 19 10 63 53 39 4 23 52 25 23 58 21 38 0 37 46 33 33 36 37 18 21 60 35 18 26 58 
0 0 0 0 0 0 0 0 0 18 0 0 0 0 0 0 0 0 0 9 0 0 0 0 0 0 0 0 56 21 30 59 0 31 16 51 54 19 36 36 2 53 26 31 56 33 40 5 42 46 0 34 34 4 24 11 14 14 32 14 0 7 61 51 
0 0 0 0 0 0 0 0 0 62 0 0 0 0 0 0 0 0 0 0 19 0 0 0 0 0 0 0 35 11 59 0 45 0 51 57 5 19 63 23 53 51 30 14 52 29 11 58 15 19 50 15 26 6 20 59 19 12 50 33 36 28 18 59 
0 0 0 0 0 0 0 0 0 46 0 0 0 0 0 0 0 0 0 0 0 23 0 0 0 0 0 0 27 23 58 55 28 0 46 44 28 63 28 14 55 55 12 50 0 44 55 23 42 41 16 0 19 42 41 8 22 9 8 2 26 17 4 54 
0 0 0 0 0 0 0 0 0 59 0 0 0 0 0 0 0 0 0 0 0 0 9 0 0 0 0 0 28 42 17 24 26 20 44 17 2 44 16 17 53 2 27 22 0 47 34 9 30 10 50 2 38 11 58 51 45 5 50 11 52 17 54 61 
0 0 0 0 0 0 0 0 0 28 0 0 0 0 0 0 0 0 0 0 0 0 0 7 0 0 0 0 30 19 59 0 18 31 47 46 43 19 43 28 55 3 62 13 0 57 29 3 49 32 34 37 62 0 23 0 20 11 42 41 57 48 22 30 
0 0 0 0 0 0 0 0 0 48 0 0 0 0 0 0 0 0 0 0 0 0 0 0 53 0 0 0 56 47 51 7 60 0 20 31 38 0 20 18 0 59 35 22 12 52 7 49 25 50 16 25 19 55 15 28 35 39 20 51 15 29 4 31 
0 0 0 0 0 0 0 0 0 10 0 0 0 0 0 0 0 0 0 0 0 0 0 0 0 23 0 0 11 36 44 17 38 31 36 16 57 19 31 1 53 21 37 14 0 48 26 6 5 1 16 26 25 52 24 36 3 13 18 45 26 58 39 42 
0 0 0 0 0 0 0 0 0 40 0 0 0 0 0 0 0 0 0 0 0 0 0 0 0 0 54 0 60 26 48 11 0 20 1 43 19 63 45 17 53 60 19 58 12 10 2 26 55 55 0 22 7 58 43 1 2 40 44 46 5 15 63 6 
0 0 0 0 0 0 0 0 0 1 0 0 0 0 0 0 0 0 0 0 0 0 0 0 0 0 0 8 27 39 59 36 58 20 16 17 59 0 19 9 2 38 58 63 52 59 13 38 13 58 16 59 60 37 17 46 1 18 23 37 44 14 59 59 
0 0 0 0 0 0 0 0 0 0 61 40 0 0 0 0 0 0 0 0 0 0 0 0 0 0 0 0 41 60 10 1 0 36 36 20 32 23 13 35 47 25 15 39 5 37 20 23 6 18 51 39 31 27 62 21 46 38 3 50 37 43 37 8 
0 0 0 0 0 0 0 0 0 0 14 0 31 0 0 0 0 0 0 0 0 0 0 0 0 0 0 0 17 60 46 20 1 16 33 16 15 18 0 57 42 62 36 16 48 38 34 9 10 19 27 34 23 34 61 48 20 7 23 53 3 19 24 17 
0 0 0 0 0 0 0 0 0 0 50 0 0 29 0 0 0 0 0 0 0 0 0 0 0 0 0 0 39 29 10 1 59 11 35 39 5 42 14 28 31 44 34 41 45 12 61 52 39 4 29 58 32 4 35 37 46 16 32 51 55 24 63 25 
0 0 0 0 0 0 0 0 0 0 50 0 0 0 56 0 0 0 0 0 0 0 0 0 0 0 0 0 34 33 46 21 0 50 57 7 34 50 13 59 52 18 3 48 5 40 30 30 39 11 17 30 29 29 35 0 54 48 29 46 38 46 51 17 
0 0 0 0 0 0 0 0 0 0 19 0 0 0 0 32 0 0 0 0 0 0 0 0 0 0 0 0 44 29 46 44 1 14 18 45 60 52 3 55 2 60 30 4 14 23 17 27 48 54 11 57 34 41 7 48 48 38 4 62 46 48 51 17 
0 0 0 0 0 0 0 0 0 0 26 0 0 0 0 0 12 0 0 0 0 0 0 0 0 0 0 0 38 29 46 10 59 20 28 7 1 44 0 41 40 42 21 62 30 14 61 6 59 25 22 59 36 21 26 0 36 30 58 33 60 2 16 17 
0 0 0 0 0 0 0 0 0 0 24 0 0 0 0 0 0 0 0 0 0 0 0 0 0 0 0 0 62 0 46 24 58 11 43 30 44 23 3 9 48 42 48 7 22 59 59 21 36 9 27 54 46 51 28 37 22 43 0 20 17 1 22 25 
0 0 0 0 0 0 0 0 0 0 39 0 0 0 0 0 0 0 43 0 0 0 0 0 0 0 0 0 46 60 36 40 59 35 41 5 16 29 13 10 26 53 30 36 17 17 17 44 34 49 32 21 2 61 22 21 21 18 41 18 18 44 49 0 
0 0 0 0 0 0 0 0 0 0 26 0 0 0 0 0 0 0 0 42 0 0 0 0 0 0 0 0 19 29 0 59 59 36 18 24 6 13 13 36 9 7 0 9 44 29 40 45 29 40 55 47 11 40 16 21 38 1 43 27 0 29 37 0 
0 0 0 0 0 0 0 0 0 0 36 0 0 0 0 0 0 0 0 0 24 0 0 0 0 0 0 0 9 29 0 49 59 44 62 28 62 51 14 32 22 14 24 44 36 60 13 18 56 7 62 54 28 38 2 21 26 58 26 54 19 32 33 0 
0 0 0 0 0 0 0 0 0 0 6 0 0 0 0 0 0 0 0 0 0 54 0 0 0 0 0 0 26 33 36 41 58 14 10 57 54 52 0 14 17 2 16 13 47 19 55 63 42 4 31 60 36 35 45 48 61 48 25 4 32 34 47 8 
0 0 0 0 0 0 0 0 0 0 25 0 0 0 0 0 0 0 0 0 0 0 9 0 0 0 0 0 26 60 46 41 59 1 42 8 53 56 14 36 56 32 1 62 32 30 62 9 30 22 52 53 61 30 1 37 25 10 46 63 23 34 46 8 
0 0 0 0 0 0 0 0 0 0 37 0 0 0 0 0 0 0 0 0 0 0 0 36 0 0 0 0 15 33 36 49 58 46 1 14 11 60 13 30 18 14 36 3 4 54 29 61 4 31 15 21 13 59 12 21 58 4 9 47 20 30 37 8 
0 0 0 0 0 0 0 0 0 0 13 0 0 0 0 0 0 0 0 0 0 0 0 0 47 0 0 0 51 60 0 7 58 45 30 40 36 32 14 39 62 58 37 2 41 56 7 49 44 22 19 52 36 2 21 48 42 30 19 51 45 33 55 8 
0 0 0 0 0 0 0 0 0 0 60 0 0 0 0 0 0 0 0 0 0 0 0 0 0 20 0 0 31 33 36 15 58 63 46 24 35 21 13 3 53 21 57 49 23 21 6 6 48 14 23 58 55 13 25 21 61 13 61 2 29 58 63 0 
0 0 0 0 0 0 0 0 0 0 54 0 0 0 0 0 0 0 0 0 0 0 0 0 0 0 10 0 26 33 10 36 58 21 59 58 0 12 14 36 15 45 9 1 62 46 30 36 0 53 58 35 59 1 17 0 34 39 39 60 52 55 63 25 
0 0 0 0 0 0 0 0 0 0 1 0 0 0 0 0 0 0 0 0 0 0 0 0 0 0 0 59 29 29 0 21 59 47 7 1 58 1 3 11 56 62 58 47 44 1 11 48 58 59 44 58 58 47 16 21 58 29 38 27 2 12 59 0 
0 0 0 0 0 0 0 0 0 0 0 47 6 0 0 0 0 0 0 0 0 0 0 0 0 0 0 0 25 41 10 47 5 26 10 61 57 23 58 44 38 15 10 48 5 21 34 27 10 1 40 55 23 15 22 33 31 7 23 55 38 39 40 22 
0 0 0 0 0 0 0 0 0 0 0 41 0 12 0 0 0 0 0 0 0 0 0 0 0 0 0 0 36 45 37 59 18 1 0 63 55 23 59 26 11 10 38 46 18 0 54 49 59 19 54 27 63 15 62 41 10 16 45 43 18 24 26 32 
0 0 0 0 0 0 0 0 0 0 0 57 0 0 42 0 0 0 0 0 0 0 0 0 0 0 0 0 27 63 61 20 0 56 0 51 48 23 63 16 9 5 52 55 0 37 21 9 39 14 34 54 22 7 0 1 5 48 30 10 51 15 22 3 
0 0 0 0 0 0 0 0 0 0 0 53 0 0 0 63 0 0 0 0 0 0 0 0 0 0 0 0 59 40 25 44 5 32 10 4 33 23 9 11 24 33 8 3 23 48 5 12 44 51 19 22 34 11 0 3 31 27 4 56 46 38 38 9 
0 0 0 0 0 0 0 0 0 0 0 12 0 0 0 0 62 0 0 0 0 0 0 0 0 0 0 0 54 43 11 11 18 30 0 51 29 23 10 36 17 24 19 30 23 37 41 6 59 25 37 33 36 22 62 20 0 35 58 14 12 55 5 9 
0 0 0 0 0 0 0 0 0 0 0 47 0 0 0 0 0 27 0 0 0 0 0 0 0 0 0 0 40 60 14 24 23 37 46 59 51 5 43 0 58 24 35 32 5 21 47 21 34 12 40 8 37 22 62 36 12 43 13 27 4 17 38 15 
0 0 0 0 0 0 0 0 0 0 0 46 0 0 0 0 0 0 41 0 0 0 0 0 0 0 0 0 14 48 37 40 18 13 0 6 53 23 34 7 51 19 8 3 5 48 5 41 36 52 32 37 29 27 40 3 1 18 42 7 34 11 1 1 
0 0 0 0 0 0 0 0 0 0 0 36 0 0 0 0 0 0 0 24 0 0 0 0 0 0 0 0 40 57 30 59 18 0 46 51 58 23 12 46 61 57 57 14 23 0 40 58 27 45 55 25 31 43 22 50 25 26 40 15 0 15 0 43 
0 0 0 0 0 0 0 0 0 0 0 50 0 0 0 0 0 0 0 0 16 0 0 0 0 0 0 0 42 8 59 10 18 44 36 5 49 23 1 14 7 11 36 11 5 48 25 5 62 21 38 15 28 0 62 23 56 7 20 27 54 20 52 58 
0 0 0 0 0 0 0 0 0 0 0 16 0 0 0 0 0 0 0 0 0 52 0 0 0 0 0 0 2 8 59 19 23 14 0 16 40 18 28 13 57 55 4 10 0 37 55 40 42 4 44 1 48 9 0 21 53 22 25 57 53 8 31 57 
0 0 0 0 0 0 0 0 0 0 0 1 0 0 0 0 0 0 0 0 0 0 24 0 0 0 0 0 6 15 42 18 18 47 36 17 2 5 46 13 35 54 3 62 0 0 53 9 30 4 44 2 61 18 0 2 27 17 45 49 39 8 11 38 
0 0 0 0 0 0 0 0 0 0 0 19 0 0 0 0 0 0 0 0 0 0 0 55 0 0 0 0 31 37 58 10 23 10 46 18 19 23 3 5 52 3 51 3 0 0 29 47 30 13 36 37 25 28 62 45 31 31 9 19 36 41 48 47 
0 0 0 0 0 0 0 0 0 0 0 0 0 0 0 0 0 0 0 0 0 0 0 0 55 0 0 0 6 24 51 7 23 45 36 2 42 0 42 3 22 59 63 34 18 37 7 49 54 1 32 24 48 53 22 30 9 56 16 9 29 29 34 20 
0 0 0 0 0 0 0 0 0 0 0 51 0 0 0 0 0 0 0 0 0 0 0 0 0 7 0 0 20 16 45 53 23 27 0 44 13 23 55 36 45 45 0 17 0 48 13 6 42 25 36 27 40 62 40 3 17 13 51 23 45 35 26 35 
0 0 0 0 0 0 0 0 0 0 0 45 0 0 0 0 0 0 0 0 0 0 0 0 0 0 42 0 43 6 10 37 23 59 0 10 39 18 19 13 22 48 26 1 18 0 21 54 6 53 58 45 47 59 62 59 62 60 42 47 33 30 63 28 
0 0 0 0 0 0 0 0 0 0 0 1 0 0 0 0 0 0 0 0 0 0 0 0 0 0 0 32 8 27 59 46 18 1 10 48 59 0 5 53 18 30 59 15 5 0 31 53 60 59 31 59 46 42 62 39 59 6 43 31 39 31 59 58 
0 0 0 0 0 0 0 0 0 0 0 0 41 24 0 0 0 0 0 0 0 0 0 0 0 0 0 0 8 0 58 36 18 38 42 53 15 56 59 28 31 18 46 31 8 56 50 18 36 40 32 8 23 57 23 48 20 0 18 0 52 12 52 47 
0 0 0 0 0 0 0 0 0 0 0 0 60 0 33 0 0 0 0 0 0 0 0 0 0 0 0 0 17 59 53 36 37 16 54 48 15 32 58 13 23 18 10 23 5 48 50 56 0 52 10 14 18 49 42 59 11 0 23 0 40 25 0 48 
0 0 0 0 0 0 0 0 0 0 0 0 61 0 0 31 0 0 0 0 0 0 0 0 0 0 0 0 8 5 63 63 16 33 24 41 0 38 1 56 40 60 10 27 27 56 34 47 36 9 45 11 0 61 32 50 11 32 0 55 46 26 43 20 
0 0 0 0 0 0 0 0 0 0 0 0 58 0 0 0 46 0 0 0 0 0 0 0 0 0 0 0 25 6 58 48 0 45 6 48 57 62 0 38 2 60 46 10 11 43 34 26 0 25 13 9 0 32 33 11 11 32 0 53 49 53 1 20 
0 0 0 0 0 0 0 0 0 0 0 0 60 0 0 0 0 48 0 0 0 0 0 0 0 0 0 0 0 60 45 51 6 54 15 33 15 0 1 63 26 60 46 55 38 33 34 37 10 54 0 38 18 25 59 51 31 0 18 55 31 40 3 30 
0 0 0 0 0 0 0 0 0 0 0 0 30 0 0 0 0 0 30 0 0 0 0 0 0 0 0 0 8 25 20 22 34 8 4 7 54 15 58 51 48 35 10 62 33 36 34 57 10 14 32 21 23 20 14 47 31 0 23 55 31 19 4 59 
0 0 0 0 0 0 0 0 0 0 0 0 23 0 0 0 0 0 0 1 0 0 0 0 0 0 0 0 8 20 49 58 62 26 57 43 15 31 58 36 0 57 10 24 57 33 0 32 10 23 55 63 5 36 41 49 31 39 23 53 0 30 40 24 
0 0 0 0 0 0 0 0 0 0 0 0 22 0 0 0 0 0 0 0 57 0 0 0 0 0 0 0 0 37 1 21 23 19 55 52 57 33 59 47 60 38 36 47 20 32 34 12 10 20 24 54 0 57 10 36 31 32 5 2 16 56 46 1 
0 0 0 0 0 0 0 0 0 0 0 0 60 0 0 0 0 0 0 0 0 45 0 0 0 0 0 0 8 12 37 50 46 3 46 4 57 49 0 14 50 2 46 49 47 10 0 37 0 4 4 14 5 9 41 12 20 7 0 55 46 30 53 25 
0 0 0 0 0 0 0 0 0 0 0 0 46 0 0 0 0 0 0 0 0 0 42 0 0 0 0 0 0 38 39 38 34 24 40 25 0 47 59 29 18 54 10 40 32 47 50 35 0 5 18 53 0 29 58 40 11 39 23 2 26 30 60 13 
0 0 0 0 0 0 0 0 0 0 0 0 40 0 0 0 0 0 0 0 0 0 0 29 0 0 0 0 17 33 31 21 45 52 6 49 54 46 58 40 49 14 10 14 4 57 0 56 46 12 50 21 5 42 9 37 31 39 0 2 25 3 3 39 
0 0 0 0 0 0 0 0 0 0 0 0 22 0 0 0 0 0 0 0 0 0 0 0 25 0 0 0 25 49 24 39 9 41 16 46 15 32 59 30 62 58 36 23 12 18 0 47 46 58 8 6 5 53 62 19 0 7 23 2 32 60 6 29 
0 0 0 0 0 0 0 0 0 0 0 0 59 0 0 0 0 0 0 0 0 0 0 0 0 28 0 0 0 20 13 41 21 60 36 25 57 7 58 53 31 61 46 60 23 13 50 26 46 34 12 8 23 49 55 47 11 0 5 2 16 45 52 9 
0 0 0 0 0 0 0 0 0 0 0 0 3 0 0 0 0 0 0 0 0 0 0 0 0 0 56 0 25 2 36 58 40 7 1 25 57 9 59 29 37 19 10 59 27 10 50 41 10 53 58 51 5 59 53 58 20 39 18 53 58 17 44 50 
0 0 0 0 0 0 0 0 0 0 0 0 1 0 0 0 0 0 0 0 0 0 0 0 0 0 0 16 17 54 1 59 5 60 61 24 0 1 1 61 49 22 0 19 28 59 34 63 10 59 55 58 5 19 15 1 0 39 18 2 1 43 1 1 
0 0 0 0 0 0 0 0 0 0 0 0 0 9 50 0 0 0 0 0 0 0 0 0 0 0 0 0 55 58 13 36 21 54 0 7 39 24 23 6 20 18 30 17 18 12 9 27 32 50 4 20 58 17 35 58 60 0 28 0 36 60 12 10 
0 0 0 0 0 0 0 0 0 0 0 0 0 41 0 15 0 0 0 0 0 0 0 0 0 0 0 0 20 18 41 19 48 28 42 41 60 30 25 26 31 60 63 41 36 52 36 9 5 20 35 14 34 41 7 32 58 50 45 43 46 62 32 36 
0 0 0 0 0 0 0 0 0 0 0 0 0 28 0 0 59 0 0 0 0 0 0 0 0 0 0 0 29 28 59 47 23 11 0 7 22 6 46 26 31 57 2 59 6 12 27 28 58 8 35 59 36 8 57 31 46 50 59 51 9 55 3 36 
0 0 0 0 0 0 0 0 0 0 0 0 0 50 0 0 0 42 0 0 0 0 0 0 0 0 0 0 22 29 62 43 25 11 9 22 41 52 9 6 31 57 23 9 19 56 7 48 9 7 32 2 9 49 63 14 50 0 39 43 19 34 58 30 
0 0 0 0 0 0 0 0 0 0 0 0 0 38 0 0 0 0 6 0 0 0 0 0 0 0 0 0 35 8 48 62 37 53 0 48 2 55 43 28 31 38 63 35 52 52 36 51 21 51 7 48 34 50 31 36 49 0 36 43 39 32 29 58 
0 0 0 0 0 0 0 0 0 0 0 0 0 56 0 0 0 0 0 15 0 0 0 0 0 0 0 0 56 11 30 1 63 1 9 43 3 39 15 0 11 43 16 39 22 0 22 48 6 59 2 10 12 23 58 11 2 34 19 51 0 23 26 51 
0 0 0 0 0 0 0 0 0 0 0 0 0 17 0 0 0 0 0 0 53 0 0 0 0 0 0 0 35 21 59 20 18 19 35 1 41 25 59 26 31 49 17 58 3 52 62 35 19 35 20 57 28 57 33 59 62 50 27 24 36 12 50 59 
0 0 0 0 0 0 0 0 0 0 0 0 0 6 0 0 0 0 0 0 0 39 0 0 0 0 0 0 27 56 46 62 15 3 0 49 33 61 6 0 20 2 16 10 49 12 2 39 35 41 9 28 35 42 45 8 19 16 17 43 34 35 3 22 
0 0 0 0 0 0 0 0 0 0 0 0 0 40 0 0 0 0 0 0 0 0 45 0 0 0 0 0 28 27 26 63 37 37 35 25 53 27 37 28 31 51 43 22 7 0 14 42 47 58 48 55 61 24 1 51 19 34 4 24 34 35 17 29 
0 0 0 0 0 0 0 0 0 0 0 0 0 38 0 0 0 0 0 0 0 0 0 16 0 0 0 0 30 60 47 20 1 47 9 4 25 22 54 6 20 14 62 13 41 0 33 30 46 16 23 48 10 44 47 0 30 34 35 24 33 2 54 62 
0 0 0 0 0 0 0 0 0 0 0 0 0 14 0 0 0 0 0 0 0 0 0 0 4 0 0 0 56 30 51 32 47 41 35 25 33 32 8 28 0 58 55 26 41 12 39 30 56 23 49 13 35 55 63 28 42 16 31 24 24 29 36 63 
0 0 0 0 0 0 0 0 0 0 0 0 0 41 0 0 0 0 0 0 0 0 0 0 0 28 0 0 11 11 56 3 53 39 0 44 52 63 14 6 31 42 61 2 5 52 58 28 34 36 24 0 23 39 16 36 55 0 28 24 40 8 0 42 
0 0 0 0 0 0 0 0 0 0 0 0 0 24 0 0 0 0 0 0 0 0 0 0 0 0 32 0 60 53 47 11 19 58 0 27 23 5 62 28 31 1 58 58 44 0 9 22 39 55 1 50 60 58 50 1 12 34 32 51 54 45 63 33 
0 0 0 0 0 0 0 0 0 0 0 0 0 1 0 0 0 0 0 0 0 0 0 0 0 0 0 2 27 57 59 30 5 1 42 26 58 1 45 6 11 1 1 51 18 0 34 41 38 58 34 1 61 26 51 46 58 34 26 24 53 44 59 59 
0 0 0 0 0 0 0 0 0 0 0 0 0 0 63 38 0 0 0 0 0 0 0 0 0 0 0 0 60 45 10 44 37 19 54 45 60 6 26 15 1 0 60 56 23 41 7 5 32 27 3 25 16 56 0 59 28 21 4 10 10 20 24 36 
0 0 0 0 0 0 0 0 0 0 0 0 0 0 20 0 47 0 0 0 0 0 0 0 0 0 0 0 20 32 15 31 21 61 0 0 17 30 10 62 34 5 43 51 23 38 56 6 0 17 7 46 10 25 35 0 23 21 58 46 32 2 59 36 
0 0 0 0 0 0 0 0 0 0 0 0 0 0 60 0 0 49 0 0 0 0 0 0 0 0 0 0 62 33 24 24 48 4 15 25 14 7 56 34 17 5 27 16 5 45 36 21 39 55 10 62 24 57 35 58 49 0 60 10 2 47 14 59 
0 0 0 0 0 0 0 0 0 0 0 0 0 0 29 0 0 0 37 0 0 0 0 0 0 0 0 0 62 42 22 40 21 58 0 2 34 47 29 21 50 5 60 58 5 47 7 3 39 59 32 37 42 58 9 1 63 0 52 10 42 38 41 59 
0 0 0 0 0 0 0 0 0 0 0 0 0 0 56 0 0 0 0 50 0 0 0 0 0 0 0 0 3 37 49 59 21 56 15 24 36 63 51 10 18 18 13 54 23 29 22 51 39 42 55 47 53 31 42 1 20 37 54 46 0 57 22 24 
0 0 0 0 0 0 0 0 0 0 0 0 0 0 2 0 0 0 0 0 10 0 0 0 0 0 0 0 9 10 1 1 21 19 57 60 46 1 45 29 10 23 40 35 5 2 29 12 39 43 54 15 6 32 35 1 9 21 59 36 10 4 10 1 
0 0 0 0 0 0 0 0 0 0 0 0 0 0 53 0 0 0 0 0 0 52 0 0 0 0 0 0 10 53 39 12 48 3 0 25 38 22 28 3 21 0 60 27 0 59 2 33 0 45 14 14 43 42 0 59 16 48 25 10 28 40 55 12 
0 0 0 0 0 0 0 0 0 0 0 0 0 0 3 0 0 0 0 0 0 0 37 0 0 0 0 0 26 6 18 25 21 42 57 8 53 40 2 49 0 5 55 22 0 30 7 9 0 35 60 2 27 16 0 58 49 37 51 36 56 40 29 24 
0 0 0 0 0 0 0 0 0 0 0 0 0 0 31 0 0 0 0 0 0 0 0 8 0 0 0 0 45 28 29 1 48 22 15 46 57 14 60 48 27 0 7 13 0 54 33 12 7 0 22 37 47 61 35 1 14 37 9 36 54 20 14 50 
0 0 0 0 0 0 0 0 0 0 0 0 0 0 2 0 0 0 0 0 0 0 0 0 24 0 0 0 1 20 24 7 48 41 57 47 6 32 6 60 40 0 51 18 18 16 39 49 7 55 2 23 43 55 42 59 35 48 14 36 57 33 28 8 
0 0 0 0 0 0 0 0 0 0 0 0 0 0 60 0 0 0 0 0 0 0 0 0 0 48 0 0 31 30 15 42 48 30 0 56 51 39 8 12 3 23 56 10 0 43 51 6 7 28 6 20 40 47 9 1 31 0 28 36 28 48 12 9 
0 0 0 0 0 0 0 0 0 0 0 0 0 0 4 0 0 0 0 0 0 0 0 0 0 0 16 0 40 54 19 49 48 53 0 29 16 46 63 49 2 18 46 58 18 46 0 21 39 2 58 27 32 58 35 0 4 37 27 46 23 25 63 23 
0 0 0 0 0 0 0 0 0 0 0 0 0 0 1 0 0 0 0 0 0 0 0 0 0 0 0 26 63 53 1 37 21 14 54 38 58 1 22 21 12 23 59 59 5 1 1 31 39 1 61 59 26 3 35 1 1 37 26 36 19 34 59 1 
0 0 0 0 0 0 0 0 0 0 0 0 0 0 0 25 54 0 0 0 0 0 0 0 0 0 0 0 2 14 5 44 34 8 6 45 33 24 36 47 42 33 10 63 50 20 44 6 58 17 35 53 0 33 7 11 11 12 0 2 36 55 9 0 
0 0 0 0 0 0 0 0 0 0 0 0 0 0 0 57 0 10 0 0 0 0 0 0 0 0 0 0 22 29 18 0 52 18 36 45 60 27 50 31 50 33 58 36 38 4 42 21 30 44 45 15 16 53 7 35 43 51 45 35 10 10 38 21 
0 0 0 0 0 0 0 0 0 0 0 0 0 0 0 46 0 0 29 0 0 0 0 0 0 0 0 0 55 13 56 0 0 4 4 45 29 41 59 19 24 33 0 14 6 26 0 17 2 32 39 48 34 54 39 13 37 5 4 63 36 54 6 59 
0 0 0 0 0 0 0 0 0 0 0 0 0 0 0 32 0 0 0 0 0 0 0 0 0 0 0 0 44 25 49 0 28 32 18 0 60 57 49 46 62 60 49 14 16 60 40 54 17 49 53 7 50 19 32 19 14 33 4 3 0 41 38 24 
0 0 0 0 0 0 0 0 0 0 0 0 0 0 0 26 0 0 0 0 6 0 0 0 0 0 0 0 35 7 1 63 53 63 4 41 33 7 24 5 20 29 53 23 4 51 28 9 4 22 2 57 0 20 7 6 19 6 41 47 46 50 23 1 
0 0 0 0 0 0 0 0 0 0 0 0 0 0 0 10 0 0 0 0 0 26 0 0 0 0 0 0 15 47 9 19 28 13 46 41 33 12 26 13 36 0 29 35 30 40 55 36 35 45 0 18 50 42 0 62 22 51 0 1 10 53 41 6 
0 0 0 0 0 0 0 0 0 0 0 0 0 0 0 5 0 0 0 0 0 0 52 0 0 0 0 0 28 30 24 63 0 54 27 0 0 52 41 25 58 33 11 22 39 49 39 9 47 30 44 55 0 28 0 56 45 53 4 5 36 53 57 18 
0 0 0 0 0 0 0 0 0 0 0 0 0 0 0 55 0 0 0 0 0 0 0 8 0 0 0 0 21 43 51 63 31 4 45 41 29 8 7 26 39 0 59 13 45 15 29 27 60 61 38 48 50 5 7 7 20 54 0 39 36 20 62 56 
0 0 0 0 0 0 0 0 0 0 0 0 0 0 0 11 0 0 0 0 0 0 0 0 44 0 0 0 39 27 24 0 59 4 35 45 60 32 0 23 62 0 46 30 9 27 7 49 42 17 52 3 50 55 32 33 35 23 4 61 36 29 41 2 
0 0 0 0 0 0 0 0 0 0 0 0 0 0 0 24 0 0 0 0 0 0 0 0 0 31 0 0 11 28 33 19 39 29 36 41 33 33 11 59 55 29 25 6 18 55 31 6 48 58 25 14 34 35 39 13 3 14 41 35 36 30 32 9 
0 0 0 0 0 0 0 0 0 0 0 0 0 0 0 18 0 0 0 0 0 0 0 0 0 0 49 0 35 34 55 44 26 61 1 4 33 52 15 25 13 60 18 58 27 36 7 2 48 2 59 63 50 58 7 58 2 28 45 35 10 5 19 57 
0 0 0 0 0 0 0 0 0 0 0 0 0 0 0 1 0 0 0 0 0 0 0 0 0 0 0 56 16 43 1 63 39 60 37 4 0 1 56 42 15 29 59 55 29 58 26 13 49 1 24 1 50 55 7 35 1 39 45 43 46 4 58 1 
0 0 0 0 0 0 0 0 0 0 0 0 0 0 0 0 62 11 0 0 0 0 0 0 0 0 0 0 40 29 23 24 28 31 26 25 18 40 36 46 24 0 21 25 54 54 6 0 59 17 13 56 10 40 6 31 52 51 59 40 21 2 12 21 
0 0 0 0 0 0 0 0 0 0 0 0 0 0 0 0 20 0 33 0 0 0 0 0 0 0 0 0 55 14 47 40 50 33 0 2 9 49 10 13 50 11 10 16 22 18 44 28 59 17 32 48 36 43 16 20 58 5 58 46 36 53 44 59 
0 0 0 0 0 0 0 0 0 0 0 0 0 0 0 0 29 0 0 43 0 0 0 0 0 0 0 0 17 23 49 59 40 30 26 24 27 33 10 46 55 10 37 60 34 29 40 6 59 17 55 48 46 14 12 20 17 21 58 58 0 55 5 24 
0 0 0 0 0 0 0 0 0 0 0 0 0 0 0 0 10 0 0 0 52 0 0 0 0 0 0 0 42 9 1 21 5 19 28 60 44 31 46 42 62 32 38 1 20 63 48 6 59 25 22 57 0 40 24 20 12 10 1 43 3 55 30 1 
0 0 0 0 0 0 0 0 0 0 0 0 0 0 0 0 12 0 0 0 0 22 0 0 0 0 0 0 59 34 30 7 10 3 0 25 53 39 0 13 7 55 18 21 30 29 55 6 0 0 9 39 46 42 45 11 2 11 0 56 58 53 3 6 
0 0 0 0 0 0 0 0 0 0 0 0 0 0 0 0 33 0 0 0 0 0 18 0 0 0 0 0 6 29 29 13 50 49 28 8 2 7 46 7 16 46 30 40 39 30 24 0 0 25 28 55 0 1 1 31 38 1 58 34 51 53 26 18 
0 0 0 0 0 0 0 0 0 0 0 0 0 0 0 0 44 0 0 0 0 0 0 54 0 0 0 0 16 38 36 21 4 48 26 46 47 16 10 43 4 3 11 14 45 54 29 26 1 25 49 48 46 36 22 20 11 2 0 50 62 53 55 56 
0 0 0 0 0 0 0 0 0 0 0 0 0 0 0 0 58 0 0 0 0 0 0 0 26 0 0 0 48 24 24 7 42 41 28 47 11 32 46 9 62 59 0 29 43 54 7 0 1 8 5 54 46 55 9 11 35 47 58 46 8 0 32 2 
0 0 0 0 0 0 0 0 0 0 0 0 0 0 0 0 31 0 0 0 0 0 0 0 0 61 0 0 20 17 54 33 48 56 0 56 16 57 10 10 29 6 63 54 18 22 32 0 1 8 1 59 36 62 31 20 8 14 1 31 29 53 3 9 
0 0 0 0 0 0 0 0 0 0 0 0 0 0 0 0 25 0 0 0 0 0 0 0 0 0 5 0 29 47 37 46 22 46 0 29 58 31 46 7 39 3 15 59 57 46 56 26 59 0 58 8 46 58 11 0 22 40 59 29 37 2 19 57 
0 0 0 0 0 0 0 0 0 0 0 0 0 0 0 0 1 0 0 0 0 0 0 0 0 0 0 25 7 37 1 49 18 21 6 38 59 1 36 27 6 53 1 25 13 1 54 28 59 0 58 1 46 11 10 20 1 19 59 6 11 2 58 1 
0 0 0 0 0 0 0 0 0 0 0 0 0 0 0 0 0 43 25 0 0 0 0 0 0 0 0 0 22 60 61 0 12 22 45 27 47 54 25 39 42 11 58 35 7 24 42 48 6 12 32 37 25 13 12 41 13 0 4 28 31 23 7 58 
0 0 0 0 0 0 0 0 0 0 0 0 0 0 0 0 0 1 0 53 0 0 0 0 0 0 0 0 22 29 49 0 10 37 15 24 42 20 19 10 28 10 21 41 4 33 40 21 57 29 55 17 30 61 22 6 21 24 51 41 0 39 38 51 
0 0 0 0 0 0 0 0 0 0 0 0 0 0 0 0 0 55 0 0 17 0 0 0 0 0 0 0 0 29 1 51 14 63 3 45 45 60 8 13 38 32 3 43 50 28 54 21 28 41 24 15 6 40 30 54 52 51 28 38 61 26 35 59 
0 0 0 0 0 0 0 0 0 0 0 0 0 0 0 0 0 19 0 0 0 16 0 0 0 0 0 0 22 33 12 43 62 13 36 8 37 30 26 3 52 55 7 45 47 23 55 21 42 45 4 24 0 9 45 11 13 43 17 34 30 25 54 57 
0 0 0 0 0 0 0 0 0 0 0 0 0 0 0 0 0 39 0 0 0 0 13 0 0 0 0 0 0 60 10 51 12 36 8 8 53 49 57 3 8 46 46 62 32 47 4 0 30 33 18 2 27 4 1 61 47 24 36 12 13 25 50 50 
0 0 0 0 0 0 0 0 0 0 0 0 0 0 0 0 0 26 0 0 0 0 0 58 0 0 0 0 62 33 54 51 51 1 35 63 52 10 37 18 55 3 59 3 4 57 29 37 14 2 50 37 4 34 16 13 19 24 35 46 3 37 14 17 
0 0 0 0 0 0 0 0 0 0 0 0 0 0 0 0 0 19 0 0 0 0 0 0 36 0 0 0 40 60 24 0 57 4 4 54 8 7 16 14 62 59 37 37 23 15 7 0 38 2 8 1 0 53 19 31 9 43 63 52 12 33 11 16 
0 0 0 0 0 0 0 0 0 0 0 0 0 0 0 0 0 9 0 0 0 0 0 0 0 26 0 0 0 33 36 43 63 24 10 41 48 39 41 46 5 6 42 22 23 49 60 0 58 41 12 2 27 40 3 41 37 0 27 42 41 1 58 42 
0 0 0 0 0 0 0 0 0 0 0 0 0 0 0 0 0 31 0 0 0 0 0 0 0 0 57 0 40 33 32 24 36 47 58 21 19 42 31 3 63 3 63 1 0 10 36 37 36 2 58 37 11 59 13 1 6 24 7 9 21 54 44 63 
0 0 0 0 0 0 0 0 0 0 0 0 0 0 0 0 0 1 0 0 0 0 0 0 0 0 0 40 62 29 1 51 11 46 20 46 58 59 10 55 45 53 1 8 58 59 48 48 30 1 55 59 49 2 12 35 59 24 61 34 36 13 1 59 
0 0 0 0 0 0 0 0 0 0 0 0 0 0 0 0 0 0 52 4 0 0 0 0 0 0 0 0 27 28 47 0 26 13 45 24 12 16 46 36 21 21 49 3 36 60 40 40 63 17 0 37 62 48 10 49 24 23 2 47 0 50 1 0 
0 0 0 0 0 0 0 0 0 0 0 0 0 0 0 0 0 0 5 0 25 0 0 0 0 0 0 0 35 45 58 22 55 63 41 11 26 46 17 4 12 52 53 8 53 41 28 59 26 17 39 0 28 38 35 20 57 5 55 60 45 20 3 0 
0 0 0 0 0 0 0 0 0 0 0 0 0 0 0 0 0 0 16 0 0 35 0 0 0 0 0 0 56 29 47 62 26 13 0 46 11 8 28 14 23 55 29 7 47 46 55 63 42 45 32 48 17 9 4 27 14 18 25 62 48 13 49 1 
0 0 0 0 0 0 0 0 0 0 0 0 0 0 0 0 0 0 43 0 0 0 8 0 0 0 0 0 28 63 19 22 0 50 41 8 55 25 62 46 34 37 11 62 32 49 39 42 30 25 39 0 61 9 59 15 33 23 7 22 23 13 21 1 
0 0 0 0 0 0 0 0 0 0 0 0 0 0 0 0 0 0 2 0 0 0 0 48 0 0 0 0 23 48 20 22 20 41 45 25 61 33 33 48 20 3 59 3 4 15 29 53 20 58 7 0 56 33 46 46 30 23 9 52 26 16 46 1 
0 0 0 0 0 0 0 0 0 0 0 0 0 0 0 0 0 0 8 0 0 0 0 0 35 0 0 0 18 40 43 0 58 4 41 45 62 32 58 45 62 59 46 44 48 29 7 30 60 54 32 48 17 53 24 16 9 18 58 46 44 60 43 1 
0 0 0 0 0 0 0 0 0 0 0 0 0 0 0 0 0 0 55 0 0 0 0 0 0 30 0 0 11 5 17 62 32 48 0 15 59 8 21 45 47 18 25 31 23 45 31 28 32 29 32 48 53 37 54 0 43 0 16 48 57 62 29 0 
0 0 0 0 0 0 0 0 0 0 0 0 0 0 0 0 0 0 38 0 0 0 0 0 0 0 18 0 22 19 1 40 6 57 0 40 50 48 3 46 21 28 18 1 39 36 7 61 34 2 0 37 14 59 15 59 5 23 35 15 47 46 44 58 
0 0 0 0 0 0 0 0 0 0 0 0 0 0 0 0 0 0 1 0 0 0 0 0 0 0 0 27 18 62 58 22 32 56 4 19 1 1 55 37 36 33 59 1 61 58 26 26 24 1 32 0 15 12 52 36 59 23 34 56 37 20 1 0 
0 0 0 0 0 0 0 0 0 0 0 0 0 0 0 0 0 0 0 48 60 0 0 0 0 0 0 0 35 30 0 58 45 44 58 43 36 62 53 46 33 41 43 26 38 60 40 63 37 8 53 15 26 51 39 37 33 59 2 16 0 27 52 0 
0 0 0 0 0 0 0 0 0 0 0 0 0 0 0 0 0 0 0 5 0 56 0 0 0 0 0 0 35 39 47 1 28 14 36 43 44 58 28 0 34 2 50 45 30 29 0 18 42 45 55 16 49 9 41 5 61 36 25 57 0 49 31 43 
0 0 0 0 0 0 0 0 0 0 0 0 0 0 0 0 0 0 0 51 0 0 40 0 0 0 0 0 28 15 49 58 26 47 49 0 53 59 26 36 5 0 58 22 39 0 22 9 30 0 53 2 38 57 58 32 10 31 5 25 0 49 11 43 
0 0 0 0 0 0 0 0 0 0 0 0 0 0 0 0 0 0 0 37 0 0 0 54 0 0 0 0 42 35 47 58 18 10 44 43 23 49 15 10 47 14 10 13 45 0 0 20 56 35 2 37 28 4 36 31 6 18 9 9 0 16 48 43 
0 0 0 0 0 0 0 0 0 0 0 0 0 0 0 0 0 0 0 25 0 0 0 0 48 0 0 0 52 10 0 0 60 45 61 24 34 32 30 36 22 58 48 29 59 29 0 49 16 62 55 9 49 53 23 14 9 46 56 21 0 29 34 43 
0 0 0 0 0 0 0 0 0 0 0 0 0 0 0 0 0 0 0 0 0 0 0 0 0 22 0 0 11 20 47 1 38 27 10 43 57 24 59 10 11 50 54 5 18 60 22 6 12 21 55 10 9 21 51 49 0 3 37 36 0 26 26 0 
0 0 0 0 0 0 0 0 0 0 0 0 0 0 0 0 0 0 0 1 0 0 0 0 0 0 46 0 48 42 30 59 0 59 58 51 26 2 39 36 48 42 35 58 41 0 22 13 29 2 0 52 37 59 24 59 54 27 20 39 0 40 63 51 
0 0 0 0 0 0 0 0 0 0 0 0 0 0 0 0 0 0 0 1 0 0 0 0 0 0 0 17 47 50 0 58 58 1 34 51 58 1 61 10 47 25 59 52 63 0 40 52 39 1 55 59 30 25 34 21 59 26 21 61 0 41 59 0 
0 0 0 0 0 0 0 0 0 0 0 0 0 0 0 0 0 0 0 0 14 1 0 0 0 0 0 0 35 8 58 2 24 0 10 48 25 44 6 13 47 53 35 30 47 3 55 45 42 4 53 57 26 35 45 16 1 47 8 20 12 23 44 58 
0 0 0 0 0 0 0 0 0 0 0 0 0 0 0 0 0 0 0 0 13 0 2 0 0 0 0 0 0 62 1 51 55 63 20 25 2 19 30 14 46 4 42 62 32 49 61 9 30 17 46 0 0 5 1 16 23 47 16 35 40 23 43 58 
0 0 0 0 0 0 0 0 0 0 0 0 0 0 0 0 0 0 0 0 30 0 0 38 0 0 0 0 9 12 58 0 22 44 41 5 60 15 12 8 44 13 15 3 4 15 29 56 8 24 17 0 26 6 14 58 39 44 42 17 43 54 41 58 
0 0 0 0 0 0 0 0 0 0 0 0 0 0 0 0 0 0 0 0 27 0 0 0 13 0 0 0 42 59 0 39 56 0 32 34 52 32 51 0 62 1 61 61 7 48 7 49 32 49 1 57 26 2 34 27 9 11 54 23 18 29 62 58 
0 0 0 0 0 0 0 0 0 0 0 0 0 0 0 0 0 0 0 0 30 0 0 0 0 7 0 0 0 59 58 25 34 44 46 45 60 38 52 41 35 61 10 14 23 4 5 6 60 41 44 57 28 22 44 20 29 14 32 56 34 60 50 0 
0 0 0 0 0 0 0 0 0 0 0 0 0 0 0 0 0 0 0 0 27 0 0 0 0 0 60 0 42 5 59 31 4 63 59 33 22 20 5 14 25 10 34 1 16 36 29 33 56 53 59 15 26 1 19 59 10 6 60 23 24 21 19 59 
0 0 0 0 0 0 0 0 0 0 0 0 0 0 0 0 0 0 0 0 1 0 0 0 0 0 0 5 9 44 0 46 23 63 17 32 59 1 44 56 16 37 58 16 8 58 6 39 2 59 45 0 26 9 18 48 59 61 7 41 17 20 58 0 
0 0 0 0 0 0 0 0 0 0 0 0 0 0 0 0 0 0 0 0 0 56 26 0 0 0 0 0 28 49 34 41 26 13 10 25 2 0 6 14 37 55 9 22 0 30 2 9 0 4 63 55 38 9 0 16 63 47 25 62 34 0 11 31 
0 0 0 0 0 0 0 0 0 0 0 0 0 0 0 0 0 0 0 0 0 47 0 63 0 0 0 0 35 41 59 2 13 14 36 53 45 21 28 3 14 0 28 13 0 54 0 17 9 4 27 48 45 42 45 17 33 33 0 28 44 29 1 22 
0 0 0 0 0 0 0 0 0 0 0 0 0 0 0 0 0 0 0 0 0 28 0 0 36 0 0 0 30 35 43 32 7 0 10 7 60 39 6 14 40 0 5 52 49 43 0 49 9 41 12 17 0 0 41 31 42 46 25 6 35 60 4 45 
0 0 0 0 0 0 0 0 0 0 0 0 0 0 0 0 0 0 0 0 0 54 0 0 0 54 0 0 11 43 62 61 1 14 0 29 37 17 28 3 38 53 45 44 0 42 2 6 9 41 8 28 38 9 4 27 27 13 8 24 6 51 3 35 
0 0 0 0 0 0 0 0 0 0 0 0 0 0 0 0 0 0 0 0 0 56 0 0 0 0 36 0 26 3 31 35 26 13 0 52 15 12 6 14 39 2 24 58 49 46 2 8 42 0 58 40 20 0 45 58 31 2 17 25 11 32 44 42 
0 0 0 0 0 0 0 0 0 0 0 0 0 0 0 0 0 0 0 0 0 1 0 0 0 0 0 34 38 55 58 8 29 13 46 53 59 58 26 3 60 53 1 29 47 1 55 35 42 0 51 1 47 35 45 53 58 56 17 16 21 26 1 58 
0 0 0 0 0 0 0 0 0 0 0 0 0 0 0 0 0 0 0 0 0 0 42 0 0 0 0 0 26 28 24 51 20 11 34 25 55 37 35 20 38 3 48 0 0 0 33 35 49 9 53 0 38 11 1 43 16 13 9 50 13 29 47 9 
0 0 0 0 0 0 0 0 0 0 0 0 0 0 0 0 0 0 0 0 0 0 9 0 34 0 0 0 6 23 24 39 58 4 52 8 53 7 45 3 62 59 49 40 7 30 39 0 49 40 11 55 38 53 58 4 35 37 61 52 59 60 61 50 
0 0 0 0 0 0 0 0 0 0 0 0 0 0 0 0 0 0 0 0 0 0 12 0 0 51 0 0 0 41 10 50 32 18 46 25 2 8 27 9 13 34 13 40 0 49 52 0 49 48 38 55 61 44 59 15 46 3 55 27 46 51 17 35 
0 0 0 0 0 0 0 0 0 0 0 0 0 0 0 0 0 0 0 0 0 0 57 0 0 0 3 0 6 63 4 7 6 11 59 17 2 52 27 0 55 9 25 0 7 0 7 35 30 53 59 2 38 59 1 1 43 4 3 30 61 32 63 33 
0 0 0 0 0 0 0 0 0 0 0 0 0 0 0 0 0 0 0 0 0 0 1 0 0 0 0 54 26 45 1 29 32 10 14 17 0 59 29 1 52 17 59 40 32 0 33 42 30 59 39 0 38 47 1 5 1 5 2 10 32 26 59 58 
0 0 0 0 0 0 0 0 0 0 0 0 0 0 0 0 0 0 0 0 0 0 0 2 15 0 0 0 5 14 43 39 10 45 46 48 37 32 39 25 40 0 20 14 41 54 0 47 62 2 35 48 45 55 33 26 9 43 9 6 54 60 23 59 
0 0 0 0 0 0 0 0 0 0 0 0 0 0 0 0 0 0 0 0 0 0 0 55 0 3 0 0 31 2 5 25 12 17 10 40 29 41 52 60 37 13 24 14 0 15 33 26 56 26 10 48 15 52 33 46 26 3 42 41 35 46 54 35 
0 0 0 0 0 0 0 0 0 0 0 0 0 0 0 0 0 0 0 0 0 0 0 55 0 0 56 0 44 42 30 31 23 31 58 54 20 45 30 20 36 14 41 0 41 0 33 17 4 53 1 37 57 58 29 59 42 9 35 14 51 28 19 2 
0 0 0 0 0 0 0 0 0 0 0 0 0 0 0 0 0 0 0 0 0 0 0 1 0 0 0 18 18 51 58 46 19 37 29 55 1 1 11 37 49 13 59 14 4 0 29 51 63 59 48 0 2 37 28 10 59 8 35 56 35 38 58 58 
0 0 0 0 0 0 0 0 0 0 0 0 0 0 0 0 0 0 0 0 0 0 0 0 51 44 0 0 20 59 43 32 6 45 46 38 41 32 31 4 62 1 44 43 5 25 39 0 6 51 4 13 38 53 33 16 35 13 17 47 21 60 36 35 
0 0 0 0 0 0 0 0 0 0 0 0 0 0 0 0 0 0 0 0 0 0 0 0 44 0 1 0 45 45 51 7 29 4 59 44 10 39 54 3 62 58 57 59 5 46 39 47 44 55 58 49 20 0 29 58 42 8 24 18 60 33 19 3 
0 0 0 0 0 0 0 0 0 0 0 0 0 0 0 0 0 0 0 0 0 0 0 0 1 0 0 29 18 40 0 39 61 4 54 23 58 0 52 12 22 1 58 4 22 1 7 30 23 58 63 1 47 2 39 62 0 50 25 62 26 33 58 58 
0 0 0 0 0 0 0 0 0 0 0 0 0 0 0 0 0 0 0 0 0 0 0 0 0 35 29 0 20 40 9 5 27 6 0 8 42 41 38 9 58 17 28 59 5 36 51 26 48 55 58 50 57 59 0 59 15 3 59 35 25 56 63 42 
0 0 0 0 0 0 0 0 0 0 0 0 0 0 0 0 0 0 0 0 0 0 0 0 0 1 0 37 31 4 58 19 39 60 36 9 59 1 7 25 58 24 1 47 23 58 25 28 11 58 59 1 56 60 59 36 1 3 0 17 42 2 59 0 
0 0 0 0 0 0 0 0 0 0 0 0 0 0 0 0 0 0 0 0 0 0 0 0 0 0 1 1 59 58 59 59 1 1 1 58 59 58 59 1 1 58 59 59 1 0 1 59 58 0 58 59 59 1 1 59 58 1 58 58 1 59 0 59 
