GF64M1
28 48
0 16 15 31 19 41 34 11 52 57 24 45 1 21 12 2 24 21 62 2 7 58 27 22 31 58 24 41 38 3 31 15 40 56 42 41 35 30 6 31 23 28 56 16 2 19 30 9 
0 60 14 6 38 46 10 8 2 59 39 56 37 63 27 42 32 5 2 24 47 60 23 31 48 38 26 16 59 43 11 55 60 28 33 34 55 47 33 57 43 25 0 2 11 40 19 9 
0 45 18 14 52 33 62 56 15 48 17 43 50 16 19 11 60 20 27 53 3 48 17 57 39 36 7 23 33 5 59 37 30 6 37 20 12 39 43 42 47 56 28 48 1 26 3 9 
0 24 37 16 22 14 53 53 15 47 54 1 43 20 30 38 32 27 19 50 13 34 33 32 42 5 47 18 44 43 54 44 23 0 25 1 38 23 27 50 6 21 31 4 44 8 2 42 
0 3 25 52 17 21 0 39 14 57 61 46 6 4 55 24 29 63 54 24 56 18 38 6 8 46 59 6 33 38 19 11 45 47 55 35 8 15 13 13 20 46 17 57 17 26 10 9 
0 11 60 17 20 30 14 48 45 18 44 28 54 33 22 3 34 20 37 42 5 0 59 14 38 56 40 25 15 54 9 0 29 29 36 54 58 49 63 6 46 55 55 55 21 54 30 0 
0 20 33 23 31 25 44 18 41 33 22 61 4 8 12 38 15 56 12 23 61 39 41 1 43 39 14 3 0 33 43 12 26 1 50 26 33 35 36 21 45 49 4 25 58 47 54 42 
0 58 35 17 58 21 58 34 44 63 60 30 63 46 16 39 7 33 53 11 26 9 43 38 56 20 4 46 52 12 52 41 6 19 54 10 19 32 27 60 46 28 52 55 21 60 34 9 
0 63 43 11 55 0 31 8 42 60 6 59 19 63 35 20 20 7 18 11 56 23 33 11 15 31 46 47 43 51 25 44 35 0 44 3 41 56 39 37 56 6 48 5 19 59 14 0 
0 31 24 55 11 50 30 1 9 11 45 31 31 33 27 47 31 42 14 54 20 14 28 16 26 0 19 14 23 38 12 44 51 39 54 14 54 20 51 33 55 14 6 35 34 45 35 0 
0 56 23 1 42 23 7 52 45 3 14 50 40 19 18 45 10 17 38 50 61 35 44 60 42 10 55 41 57 45 34 22 62 37 44 42 10 0 55 12 62 7 46 6 43 52 12 9 
0 57 55 35 43 58 39 45 42 40 2 23 52 54 17 32 39 62 6 54 14 27 44 25 10 50 2 13 6 42 19 62 0 41 56 23 20 11 47 41 48 4 33 29 54 13 8 9 
0 63 36 1 55 63 13 5 50 7 31 12 53 60 23 47 14 31 9 48 15 35 53 10 24 21 53 23 27 29 16 31 53 19 39 59 26 43 62 34 49 18 39 61 60 19 21 9 
0 21 10 35 30 43 46 53 58 30 35 56 28 4 35 17 43 55 17 52 63 32 53 16 16 24 29 38 22 51 21 17 17 37 28 28 18 57 46 34 36 7 56 38 21 12 12 35 
0 53 30 2 34 41 26 26 56 47 34 46 55 15 28 20 42 43 34 26 11 18 53 36 56 26 25 28 32 15 55 43 34 54 12 45 9 4 3 39 49 8 23 54 45 8 46 35 
0 25 39 56 23 50 43 30 36 19 49 39 29 46 59 43 50 38 29 8 15 37 2 57 62 12 28 35 30 57 43 39 33 57 34 37 37 24 21 2 27 16 17 16 47 18 3 35 
0 20 42 33 31 30 58 45 61 50 46 42 60 18 7 22 27 16 60 20 24 48 19 35 0 18 37 0 49 57 59 51 34 27 56 44 49 63 55 6 25 63 32 63 29 15 6 0 
0 38 9 52 32 37 15 24 3 17 55 46 16 44 35 13 63 44 46 54 20 56 37 16 19 42 53 31 45 7 29 34 38 49 38 53 33 23 31 54 36 39 34 28 45 38 4 35 
0 1 54 41 1 63 25 25 8 52 51 35 62 13 27 11 7 35 36 27 53 15 58 32 50 36 39 47 56 61 60 5 9 22 16 34 46 53 41 52 63 45 21 4 15 13 31 0 
0 11 31 32 20 5 21 5 0 44 23 62 28 21 25 56 10 50 63 31 52 56 45 60 20 21 11 62 6 4 17 30 59 6 52 59 25 13 41 35 38 6 61 15 0 46 57 0 
0 35 13 4 45 37 0 52 12 42 57 1 63 34 35 46 11 55 53 27 39 19 19 21 46 38 44 38 27 8 33 26 48 58 41 51 13 17 19 55 14 36 55 26 34 6 52 35 
0 44 14 57 53 46 24 28 46 7 12 60 43 10 53 27 15 59 12 30 0 52 59 14 5 32 59 60 10 25 1 0 61 24 1 32 55 42 43 10 61 12 21 35 15 22 35 0 
0 4 57 44 12 31 38 33 19 60 51 12 56 26 47 38 62 53 20 1 34 16 47 3 53 58 44 14 16 36 31 61 10 57 63 18 58 60 6 14 47 17 3 10 47 15 11 9 
0 42 43 18 41 52 1 5 5 31 38 54 5 42 8 36 44 48 17 60 47 7 42 53 43 47 56 37 33 14 8 11 21 52 36 13 58 50 6 24 48 35 55 42 33 18 55 42 
0 3 12 13 17 32 33 38 16 18 40 15 2 44 30 57 4 56 63 62 36 1 58 50 25 26 37 33 50 25 35 26 14 54 5 23 39 50 35 37 29 63 47 11 56 6 59 42 
0 26 14 38 6 47 5 44 5 47 22 22 3 34 61 17 57 11 13 15 32 35 48 22 27 39 18 6 15 58 12 60 27 46 14 52 15 10 20 47 33 30 14 56 41 45 27 9 
0 52 12 59 35 61 43 62 0 8 51 39 63 22 37 44 22 18 15 10 11 41 18 53 50 59 35 55 19 63 42 19 16 61 19 46 63 7 52 51 14 41 52 28 46 42 56 42 
58 48 3 6 46 49 49 8 9 35 40 44 54 4 40 16 44 3 28 1 40 54 43 0 49 20 1 54 3 45 8 57 16 30 24 52 56 56 62 18 23 5 1 55 3 60 63 35 
