GF64M1
28 64
0 19 29 8 19 2 19 40 28 31 31 9 4 4 38 45 34 51 14 41 10 53 61 40 53 38 38 38 43 48 18 10 4 8 0 36 6 35 57 22 58 50 37 41 54 50 33 5 15 63 10 24 33 24 36 63 33 8 32 54 9 62 51 29 
19 0 16 8 0 41 12 5 29 13 9 34 6 13 57 41 36 18 4 46 24 30 20 14 34 32 0 18 3 26 13 1 10 6 57 40 7 6 56 8 34 8 43 2 2 26 40 42 18 35 4 15 22 8 34 59 56 38 14 14 1 18 21 35 
57 28 0 22 28 2 61 13 36 43 55 53 42 61 12 12 2 20 53 47 1 59 15 41 33 42 48 62 27 28 29 35 47 39 45 25 58 32 50 42 26 59 39 26 39 44 33 16 47 1 0 19 41 10 49 12 15 17 60 57 62 14 50 2 
36 53 43 0 47 22 53 44 45 29 9 23 23 61 48 31 17 47 11 27 17 0 8 12 40 32 26 53 42 54 24 56 27 54 16 42 18 34 54 53 22 38 42 52 24 28 38 60 47 33 8 43 30 44 50 30 18 18 16 58 30 52 54 48 
59 34 18 55 0 61 32 22 45 9 8 48 60 48 18 0 56 18 28 18 51 39 56 18 28 38 23 30 36 18 28 6 58 51 42 50 20 32 58 19 41 23 58 54 45 60 8 37 51 62 0 32 29 54 21 60 3 30 35 62 19 16 19 17 
59 8 16 17 19 0 61 53 31 61 7 52 46 52 13 61 4 19 48 38 44 29 32 53 11 63 24 13 40 50 63 31 53 27 34 31 29 2 12 18 7 26 10 51 39 43 17 41 34 40 51 55 24 0 7 21 44 61 1 1 32 31 47 15 
40 52 16 43 35 13 0 13 7 58 49 37 13 49 35 33 33 13 42 50 37 28 46 19 48 19 48 14 31 48 26 44 17 2 12 37 47 6 52 4 60 41 47 50 43 16 53 3 42 48 2 42 54 55 26 16 30 40 54 12 56 34 4 13 
62 57 25 44 9 56 61 0 31 13 10 58 20 45 46 63 24 40 54 49 36 28 10 6 25 41 52 46 41 62 7 0 16 62 54 54 49 7 19 13 45 36 24 18 22 40 0 10 46 47 17 21 49 36 22 46 39 51 21 45 29 2 11 18 
10 16 56 17 43 1 23 44 0 1 21 22 34 31 23 31 44 26 52 49 16 7 57 36 38 4 10 12 53 54 38 41 53 44 50 31 33 36 52 36 52 20 2 50 48 57 43 1 18 41 42 43 21 19 9 1 19 60 11 57 50 35 21 48 
8 34 32 8 0 40 60 23 62 0 11 42 20 26 3 45 3 31 11 2 9 25 2 21 45 25 40 3 36 48 29 7 59 28 12 14 42 9 42 2 4 10 42 35 44 33 18 46 5 58 52 51 49 33 13 32 45 8 17 29 35 5 21 11 
63 35 42 13 52 7 26 19 40 60 0 51 26 30 63 48 19 0 54 55 15 40 2 32 38 28 7 58 47 49 39 33 58 38 21 58 0 63 18 6 63 51 53 27 35 60 6 29 1 18 42 55 58 38 12 33 56 30 10 46 4 44 35 13 
7 16 20 32 50 52 21 56 21 6 46 0 20 19 55 42 43 10 50 15 12 44 15 41 41 21 55 48 14 46 39 32 8 1 7 33 21 25 25 45 8 38 31 62 17 33 26 4 30 3 28 50 32 55 43 21 51 20 15 28 37 6 31 20 
56 43 45 14 44 29 32 22 0 33 23 38 0 15 49 26 39 60 27 1 62 34 55 30 14 31 63 12 3 62 7 1 17 47 46 57 40 55 59 46 61 43 39 42 31 5 52 35 32 56 4 15 25 9 22 59 6 37 25 45 1 57 63 52 
50 8 43 3 54 48 7 59 0 32 56 50 50 0 56 22 58 55 20 22 45 37 34 12 16 31 48 4 36 22 27 61 17 1 55 20 8 8 50 20 6 58 58 15 8 19 52 16 10 39 56 52 10 11 57 32 63 52 20 57 45 9 0 30 
44 22 21 31 29 2 12 14 2 37 56 62 47 2 0 36 38 61 33 56 7 44 33 3 15 60 12 11 35 41 42 60 29 23 40 10 56 7 51 29 19 17 32 1 17 15 1 6 48 11 36 36 31 5 53 59 50 33 20 39 9 12 44 8 
37 54 31 44 55 29 14 30 17 19 9 45 46 50 42 0 40 7 30 0 20 11 44 3 35 26 61 63 56 15 45 35 37 47 33 50 30 19 19 55 22 49 17 45 30 4 11 23 27 1 57 35 52 41 21 55 45 37 16 15 39 34 37 40 
2 17 23 52 6 31 26 44 22 24 11 19 59 31 28 14 0 6 49 54 44 24 8 40 11 46 17 14 48 29 60 38 8 29 20 10 58 28 7 10 20 41 62 13 18 43 40 20 59 13 1 14 32 6 7 26 43 9 59 31 6 41 18 40 
56 60 52 61 0 16 14 4 57 59 15 38 47 56 47 62 43 0 14 45 13 12 18 59 32 11 62 51 24 49 37 15 6 39 28 7 42 53 39 41 34 41 35 14 59 27 60 29 38 34 4 60 38 4 19 55 31 15 36 56 32 23 58 35 
28 55 57 54 3 43 45 50 63 35 37 39 27 36 30 39 28 54 0 16 14 53 3 60 53 27 8 10 17 51 59 51 48 63 16 35 52 33 45 33 32 47 17 59 46 16 11 31 57 49 21 60 62 19 44 7 8 25 56 44 33 26 47 58 
19 17 61 10 29 25 58 18 44 8 11 32 25 63 63 48 30 1 44 0 47 63 51 40 60 24 39 13 27 12 61 58 59 1 52 54 31 45 10 7 38 3 55 63 42 30 51 63 48 60 4 63 61 14 52 33 62 11 60 36 0 16 31 15 
41 59 3 19 51 1 6 1 62 43 32 56 24 13 4 11 7 41 17 60 0 1 4 36 18 21 47 17 53 42 1 32 25 42 13 21 51 6 9 63 12 29 12 56 3 50 20 21 45 34 16 62 31 2 8 29 32 46 37 34 13 26 52 1 
0 8 43 46 43 43 38 26 10 39 20 12 47 20 45 7 19 9 12 17 23 0 11 42 32 40 32 52 46 4 6 14 30 18 39 41 62 63 31 5 47 41 54 47 38 53 41 55 53 34 54 43 27 53 34 4 28 63 14 52 29 31 18 2 
49 7 22 4 43 47 4 27 22 58 14 1 39 51 5 17 49 37 54 57 18 63 0 0 52 57 5 40 31 16 34 47 48 7 23 14 41 19 47 1 44 14 13 43 48 27 49 2 38 33 48 41 46 38 1 25 15 17 45 32 48 31 3 30 
15 17 18 11 25 50 38 18 41 31 33 9 51 36 26 41 35 11 4 33 27 38 55 0 22 5 63 8 17 54 61 32 9 33 30 4 26 16 28 33 61 5 16 5 16 40 30 15 9 20 33 60 41 33 31 39 53 3 2 44 53 46 22 41 
44 15 45 8 34 22 7 29 29 60 18 0 24 23 4 6 59 9 3 14 10 31 2 4 0 35 1 30 17 24 15 21 46 16 40 17 39 48 63 19 24 58 40 34 24 3 21 61 17 54 9 38 27 4 37 24 53 56 3 51 11 30 7 18 
59 46 5 60 57 60 11 43 28 7 47 57 58 50 47 15 26 2 41 0 27 40 19 41 57 0 30 33 6 50 53 42 37 47 32 55 2 34 48 14 59 57 20 27 25 0 14 20 26 0 59 52 19 47 58 7 40 5 0 14 55 41 0 2 
26 1 4 62 1 32 29 0 45 51 40 34 5 15 16 8 14 26 36 1 10 63 62 41 35 53 0 1 1 1 0 1 1 1 1 1 0 0 1 1 1 1 0 1 1 39 1 1 1 4 1 0 1 1 1 1 0 1 1 1 1 1 35 0 
1 0 1 1 0 1 1 1 1 1 1 1 1 1 1 1 1 1 1 1 1 1 1 1 1 1 1 0 0 0 1 0 0 0 0 0 1 1 0 0 0 0 1 0 0 1 0 0 0 1 0 1 0 0 0 0 1 0 0 0 0 0 1 1 
