GF64M1
92 27
58 0 59 59 59 0 58 59 1 0 0 59 58 59 58 58 58 1 1 59 1 58 58 58 59 0 58 
34 42 13 44 18 50 53 57 27 40 27 38 53 51 40 23 3 9 14 22 62 11 21 7 49 10 0 
10 51 57 6 39 60 47 30 13 1 46 26 59 31 32 61 47 23 54 48 41 35 26 0 42 0 0 
42 21 57 7 30 2 41 0 20 29 11 5 56 54 49 58 6 44 12 54 51 11 53 45 50 0 0 
54 53 33 54 38 10 15 2 26 14 5 27 59 16 28 26 31 50 49 52 39 48 6 47 39 0 0 
37 42 46 56 3 49 53 40 46 15 29 47 50 33 5 16 4 45 28 7 43 28 63 25 12 0 0 
6 57 27 8 37 53 10 28 14 53 3 16 58 9 61 49 34 4 5 15 7 62 50 61 60 0 0 
18 61 32 8 59 0 8 59 28 3 10 2 0 51 23 7 22 14 0 7 35 38 34 12 43 0 0 
11 50 53 31 51 54 23 21 37 55 2 1 37 44 54 17 44 63 63 35 23 60 18 55 62 0 0 
44 7 20 13 32 35 2 16 49 51 53 6 49 40 54 10 60 3 54 35 19 53 40 14 42 0 0 
11 49 0 27 3 61 7 58 8 50 57 15 5 22 50 26 35 23 38 23 15 26 20 54 14 0 0 
47 54 44 46 2 59 58 33 17 56 9 28 17 8 43 8 27 40 44 27 33 4 17 49 33 0 0 
32 28 9 14 45 51 48 42 15 23 58 63 34 47 34 53 60 11 0 9 48 54 8 50 11 0 0 
51 57 40 29 51 45 23 2 27 8 21 59 21 28 50 13 40 57 33 19 41 10 19 28 32 0 0 
50 21 34 27 55 27 33 6 51 11 41 5 47 53 37 15 12 9 50 20 53 0 41 0 55 0 0 
53 12 10 37 53 36 35 42 44 4 17 8 47 16 56 12 1 10 51 37 18 33 58 38 26 0 0 
39 62 33 44 42 24 19 51 13 51 24 25 37 23 23 35 45 39 24 7 18 49 43 47 22 0 0 
26 59 35 63 56 14 2 7 28 39 48 20 57 3 12 58 62 24 62 32 3 26 50 6 35 0 0 
63 44 51 4 54 2 21 63 16 28 20 59 50 50 36 50 49 63 42 57 58 7 19 45 29 0 0 
50 48 44 21 20 29 13 13 32 60 14 40 45 21 42 1 24 48 5 23 27 12 17 9 26 0 0 
46 17 39 32 18 6 12 53 46 29 7 10 62 51 38 51 17 18 9 8 36 60 3 36 19 0 0 
36 20 18 10 58 36 39 35 61 36 7 49 50 11 20 54 55 59 44 62 18 54 19 14 13 0 0 
39 31 45 51 32 7 3 17 55 36 39 24 63 33 29 51 55 26 12 21 29 17 1 42 55 0 0 
25 36 10 62 56 44 16 54 18 59 19 20 58 6 29 25 42 2 46 43 61 55 34 22 56 0 0 
47 63 5 34 46 18 9 51 30 15 58 12 50 14 16 11 63 13 7 52 60 26 18 34 48 0 0 
39 0 12 0 1 38 9 46 35 42 0 15 41 61 8 51 59 46 11 24 29 28 27 59 44 0 0 
12 33 42 47 30 11 30 19 21 26 38 40 26 0 38 53 52 0 12 47 51 63 46 42 26 0 0 
54 6 26 49 60 0 20 17 59 14 0 18 16 5 21 52 20 59 15 54 15 56 60 19 9 0 0 
35 46 2 50 27 9 26 52 44 53 11 28 53 25 21 0 16 36 58 5 12 2 31 52 42 0 0 
12 36 32 51 50 22 36 23 19 55 55 43 25 39 63 36 30 59 11 11 47 35 11 55 25 0 0 
18 63 40 26 0 41 63 58 57 6 60 3 21 4 20 4 18 62 26 17 9 39 31 49 5 0 0 
4 15 6 62 58 21 30 42 21 34 63 34 50 49 1 57 26 24 19 40 18 9 54 54 13 0 0 
15 19 10 6 35 38 60 7 3 21 5 30 44 28 59 56 40 46 53 1 5 6 6 27 52 0 0 
34 30 48 33 48 9 35 29 30 48 46 17 34 30 10 58 55 60 31 55 24 63 14 61 4 0 0 
14 41 36 17 31 15 55 24 0 36 42 50 12 39 35 49 62 44 53 15 60 7 61 18 17 0 0 
53 16 59 26 14 44 35 19 17 8 1 12 8 49 38 26 25 40 7 51 21 48 10 39 22 0 0 
3 61 29 4 30 57 17 9 41 45 44 40 54 28 43 6 61 31 33 15 63 32 2 33 51 0 0 
29 16 33 29 34 25 34 5 31 3 30 19 34 54 6 52 26 50 62 12 48 11 63 1 63 0 0 
8 30 16 58 31 37 40 25 45 25 22 31 28 36 21 43 0 37 5 4 4 63 53 26 52 0 0 
53 33 0 23 22 0 19 47 7 2 61 44 1 35 16 53 15 25 19 44 43 2 60 9 19 0 0 
33 8 31 28 13 37 0 27 62 56 44 5 46 44 7 51 27 0 49 34 44 54 49 49 44 0 0 
49 53 37 53 33 20 44 7 56 20 27 35 53 53 61 58 61 2 14 10 18 34 56 41 54 0 0 
30 25 44 42 3 31 23 32 45 57 9 63 59 54 20 41 14 42 44 29 45 57 31 45 36 0 0 
10 11 27 52 44 36 47 57 23 9 30 35 44 63 21 12 2 37 43 1 11 6 39 44 23 0 0 
54 11 60 13 50 40 0 51 22 1 58 53 47 11 60 34 61 23 57 57 10 52 57 42 54 0 0 
15 16 56 48 18 61 0 0 58 50 31 25 14 30 36 52 0 32 16 30 52 19 59 10 17 0 0 
13 15 12 43 62 19 57 15 33 3 27 54 57 29 0 61 29 63 32 54 15 5 7 59 8 0 0 
16 8 32 26 35 36 27 63 19 55 35 42 20 2 31 27 19 46 29 57 51 22 60 27 32 0 0 
47 45 2 10 14 51 41 25 17 60 43 17 36 55 27 38 26 13 58 42 28 27 7 36 11 0 0 
47 52 58 50 2 34 44 0 12 55 61 36 13 37 31 17 44 62 42 38 32 37 49 10 14 0 0 
33 42 5 51 50 28 1 28 7 20 44 21 5 31 45 54 6 24 32 2 46 16 43 45 26 0 0 
11 17 21 53 30 8 61 53 17 55 50 43 18 42 2 54 18 1 23 12 58 44 25 6 24 0 0 
61 36 32 9 47 1 27 13 27 35 50 10 45 39 34 7 24 26 22 63 21 49 37 61 42 0 0 
45 46 29 35 63 2 35 58 60 21 15 24 60 4 57 6 51 35 50 16 28 13 28 17 33 0 0 
42 32 6 40 39 7 49 12 44 59 15 55 13 63 4 35 21 53 0 56 55 57 12 62 38 0 0 
20 30 35 9 16 63 6 46 9 41 9 26 14 41 22 62 6 15 4 39 3 16 3 28 5 0 0 
59 58 40 24 17 17 38 15 18 29 30 23 54 9 35 62 32 9 59 29 16 36 34 63 50 0 0 
36 58 30 29 48 10 59 60 14 43 44 36 12 39 43 11 61 43 43 49 48 30 60 49 61 0 0 
35 23 45 23 18 28 0 1 53 40 45 0 18 41 3 50 19 31 46 2 22 57 52 31 55 0 0 
62 49 35 28 44 13 17 47 42 31 6 32 32 9 15 16 28 30 19 54 6 41 44 41 42 0 0 
52 55 0 15 1 43 54 49 31 11 3 30 33 44 4 46 20 32 16 52 60 57 41 14 17 0 0 
39 36 50 15 9 18 33 32 59 0 22 0 52 41 54 9 2 45 53 32 45 34 30 57 33 0 0 
18 54 39 44 0 30 14 21 62 13 24 38 0 59 9 13 49 28 28 26 9 51 1 29 3 0 0 
40 49 10 58 57 42 13 57 41 58 50 33 46 59 5 10 15 42 22 52 7 4 38 46 48 0 0 
17 7 32 12 1 12 12 31 47 48 42 30 61 13 56 41 51 47 18 10 36 36 24 46 29 0 0 
12 2 31 40 62 27 34 54 50 60 48 45 54 13 4 23 19 5 49 14 49 63 39 44 31 0 0 
7 6 63 26 50 28 49 14 30 31 15 21 13 48 42 39 39 22 15 10 12 29 63 59 12 0 0 
56 28 21 6 6 48 22 47 10 58 60 19 19 33 12 3 31 1 41 6 36 22 19 6 38 0 0 
2 54 53 46 63 11 28 38 29 28 45 31 18 39 19 49 7 61 2 25 17 47 17 50 9 0 0 
56 37 56 32 35 37 24 61 46 37 48 38 25 2 13 38 23 58 63 17 58 41 46 30 1 0 0 
56 56 61 3 1 30 40 12 3 53 10 57 35 36 49 36 20 17 1 27 55 22 5 52 20 0 0 
42 29 27 4 33 11 3 25 37 42 25 53 8 19 55 51 45 40 45 16 29 34 57 40 29 0 0 
49 63 50 22 7 47 9 28 35 23 9 48 3 35 55 61 41 18 14 45 28 61 15 4 45 0 0 
29 50 25 7 32 14 60 32 21 2 54 16 28 5 56 10 39 16 44 20 35 36 48 31 20 0 0 
7 41 5 52 50 20 32 3 7 56 49 52 60 5 30 37 44 56 41 3 28 25 22 13 34 0 0 
51 12 46 39 4 24 7 44 22 60 29 25 36 34 62 40 19 13 21 46 17 31 58 26 2 0 0 
26 26 10 53 49 51 10 62 26 62 46 36 28 32 55 52 37 31 13 57 28 6 29 11 26 0 0 
7 59 19 23 16 18 34 27 58 15 8 1 11 20 58 2 61 31 23 46 45 48 35 55 19 0 0 
44 18 52 20 16 0 39 25 11 44 45 38 36 53 8 47 0 25 37 37 24 55 33 22 23 0 0 
16 35 53 52 20 17 35 42 52 42 10 4 18 5 18 1 43 17 4 59 19 25 27 33 58 0 0 
40 11 51 20 51 52 34 56 15 1 60 53 0 58 53 39 45 8 34 13 27 28 2 15 56 0 0 
23 35 9 25 7 58 45 42 37 27 48 1 23 57 11 21 44 15 8 62 62 3 6 1 60 0 0 
47 13 53 39 34 1 30 20 33 25 51 18 29 3 51 20 21 33 48 9 26 8 8 19 43 0 0 
8 19 48 33 30 3 15 61 57 57 26 23 44 21 21 16 27 27 40 25 24 35 20 32 56 0 0 
24 30 35 38 0 39 45 53 11 41 58 7 15 40 36 59 17 29 13 33 13 3 32 43 32 0 0 
16 2 50 31 42 17 8 47 27 27 42 7 53 39 54 43 52 60 7 41 59 11 8 48 44 0 0 
53 15 7 20 22 12 43 24 19 24 0 50 23 11 29 29 46 37 12 9 11 6 39 45 0 0 0 
37 26 28 28 37 4 10 17 52 13 46 40 46 36 34 22 34 33 57 19 12 21 24 6 43 0 0 
19 36 6 56 0 8 29 17 28 42 47 8 58 1 14 36 29 35 5 38 5 57 16 52 46 0 0 
18 24 12 41 8 27 36 56 13 14 53 28 2 60 21 61 45 5 14 22 36 49 31 63 35 0 0 
18 2 34 37 54 27 29 32 27 53 39 36 41 52 50 18 57 12 3 26 16 0 43 60 6 0 0 
18 3 47 56 61 2 38 35 53 59 59 21 27 11 32 25 57 13 12 37 55 5 55 43 29 0 0 
