GF64M1
351 63
50 4 0 0 0 0 0 0 0 0 0 0 0 0 0 0 0 0 0 0 0 0 0 0 0 0 0 29 58 37 24 44 46 0 54 3 51 19 63 0 17 2 44 25 31 45 21 52 36 4 42 36 43 26 0 13 49 19 61 62 45 14 1 
11 0 14 0 0 0 0 0 0 0 0 0 0 0 0 0 0 0 0 0 0 0 0 0 0 0 0 11 10 21 19 59 31 42 48 8 24 1 32 29 48 53 49 41 2 51 50 9 59 16 11 43 24 15 0 31 22 48 45 18 6 42 58 
17 0 0 31 0 0 0 0 0 0 0 0 0 0 0 0 0 0 0 0 0 0 0 0 0 0 0 31 30 21 5 44 35 9 20 19 0 31 49 60 11 47 32 62 4 47 0 63 58 55 21 10 0 35 51 27 2 7 51 3 9 0 58 
38 0 0 0 32 0 0 0 0 0 0 0 0 0 0 0 0 0 0 0 0 0 0 0 0 0 0 40 33 48 31 36 26 35 0 56 51 60 0 29 54 20 49 49 29 57 51 7 59 13 37 11 51 18 22 16 22 61 43 28 40 58 1 
41 0 0 0 0 10 0 0 0 0 0 0 0 0 0 0 0 0 0 0 0 0 0 0 0 0 0 3 28 48 28 6 10 0 27 54 51 27 3 29 34 47 56 43 2 15 26 5 39 27 42 18 24 55 28 18 22 35 32 2 52 48 1 
63 0 0 0 0 0 2 0 0 0 0 0 0 0 0 0 0 0 0 0 0 0 0 0 0 0 0 48 62 21 39 46 19 9 8 57 43 62 34 60 40 2 25 22 7 31 33 52 31 16 11 28 51 19 8 3 53 54 39 12 27 11 1 
23 0 0 0 0 0 0 17 0 0 0 0 0 0 0 0 0 0 0 0 0 0 0 0 0 0 0 7 59 37 17 24 8 9 22 49 0 62 36 60 1 17 6 1 33 46 20 18 56 58 23 63 43 10 1 53 11 7 12 58 29 54 59 
63 0 0 0 0 0 0 0 18 0 0 0 0 0 0 0 0 0 0 0 0 0 0 0 0 0 0 7 47 48 10 41 9 0 7 45 43 60 47 0 45 55 36 25 34 9 33 62 60 59 9 53 43 59 56 63 6 6 0 22 31 27 58 
57 0 0 0 0 0 0 0 0 38 0 0 0 0 0 0 0 0 0 0 0 0 0 0 0 0 0 53 9 48 3 42 20 42 20 62 0 33 2 0 62 62 8 19 40 63 19 11 25 10 20 5 0 10 0 16 47 1 40 23 53 45 0 
40 0 0 0 0 0 0 0 0 0 41 0 0 0 0 0 0 0 0 0 0 0 0 0 0 0 0 4 29 48 50 44 2 42 58 11 0 4 40 33 25 1 48 52 57 8 55 45 53 15 36 14 51 61 63 3 49 31 3 3 38 37 1 
56 0 0 0 0 0 0 0 0 0 0 29 0 0 0 0 0 0 0 0 0 0 0 0 0 0 0 36 36 48 26 27 59 42 24 62 51 24 27 29 12 55 27 1 2 54 5 30 11 33 0 46 0 41 54 52 21 63 12 4 1 15 59 
51 0 0 0 0 0 0 0 0 0 0 0 63 0 0 0 0 0 0 0 0 0 0 0 0 0 0 48 8 21 54 7 47 42 35 55 43 11 62 29 46 48 43 9 15 26 12 23 34 26 30 35 51 36 60 30 58 26 1 49 44 14 1 
21 0 0 0 0 0 0 0 0 0 0 0 0 7 0 0 0 0 0 0 0 0 0 0 0 0 0 60 56 0 15 11 21 42 4 46 43 8 1 0 42 51 53 48 26 16 27 57 38 27 19 52 51 11 38 14 22 51 59 30 16 39 58 
59 0 0 0 0 0 0 0 0 0 0 0 0 0 51 0 0 0 0 0 0 0 0 0 0 0 0 59 20 0 56 6 34 9 1 34 0 57 3 60 25 9 42 14 52 12 24 57 35 50 34 12 24 49 37 57 25 37 23 61 53 11 58 
43 0 0 0 0 0 0 0 0 0 0 0 0 0 0 16 0 0 0 0 0 0 0 0 0 0 0 62 48 0 13 37 3 0 35 27 43 12 20 0 57 27 23 61 35 23 40 40 23 29 2 34 51 0 60 19 15 50 26 46 3 12 59 
43 0 0 0 0 0 0 0 0 0 0 0 0 0 0 0 57 0 0 0 0 0 0 0 0 0 0 20 39 48 2 27 47 42 24 41 51 47 42 29 39 40 38 0 24 56 8 63 61 63 48 49 43 27 43 45 49 34 39 6 37 34 58 
25 0 0 0 0 0 0 0 0 0 0 0 0 0 0 0 0 60 0 0 0 0 0 0 0 0 0 34 60 48 28 47 7 42 8 48 0 19 1 33 35 50 46 5 48 27 43 57 21 21 44 46 0 12 24 21 16 7 33 16 46 47 1 
19 0 0 0 0 0 0 0 0 0 0 0 0 0 0 0 0 0 6 0 0 0 0 0 0 0 0 31 3 37 21 6 55 9 62 34 0 7 35 60 37 33 48 5 18 3 0 44 34 10 23 42 43 61 33 49 45 54 47 31 10 20 1 
32 0 0 0 0 0 0 0 0 0 0 0 0 0 0 0 0 0 0 6 0 0 0 0 0 0 0 15 43 0 35 60 10 35 23 23 24 7 22 0 54 19 33 12 63 30 32 63 13 48 7 16 0 33 56 12 38 57 47 16 40 46 1 
18 0 0 0 0 0 0 0 0 0 0 0 0 0 0 0 0 0 0 0 61 0 0 0 0 0 0 52 47 37 22 21 48 0 6 20 0 54 37 0 31 2 30 1 17 32 56 38 29 24 2 19 0 22 2 33 49 0 26 9 31 61 59 
58 0 0 0 0 0 0 0 0 0 0 0 0 0 0 0 0 0 0 0 0 45 0 0 0 0 0 7 8 21 2 2 2 35 56 5 51 31 1 29 20 7 28 5 23 3 17 16 6 1 5 15 51 48 63 10 56 60 12 40 44 24 58 
29 0 0 0 0 0 0 0 0 0 0 0 0 0 0 0 0 0 0 0 0 0 14 0 0 0 0 22 38 37 39 41 37 0 33 17 51 8 6 60 17 17 11 22 12 32 14 47 52 62 32 14 0 44 61 37 50 61 3 25 57 42 59 
50 0 0 0 0 0 0 0 0 0 0 0 0 0 0 0 0 0 0 0 0 0 0 40 0 0 0 51 50 0 20 2 28 42 3 27 43 16 36 33 32 51 48 17 50 53 51 25 27 57 29 39 0 63 48 10 29 34 4 35 6 1 58 
44 0 0 0 0 0 0 0 0 0 0 0 0 0 0 0 0 0 0 0 0 0 0 0 6 0 0 20 38 37 53 62 13 9 25 39 0 45 17 33 59 40 3 42 61 61 17 51 19 6 57 2 24 7 57 5 19 42 6 26 0 29 59 
27 0 0 0 0 0 0 0 0 0 0 0 0 0 0 0 0 0 0 0 0 0 0 0 0 55 0 59 27 48 22 40 59 35 47 8 24 63 29 29 7 41 53 10 2 45 4 1 40 12 32 16 0 49 12 59 2 17 59 23 54 23 0 
1 0 0 0 0 0 0 0 0 0 0 0 0 0 0 0 0 0 0 0 0 0 0 0 0 0 20 14 59 48 5 44 59 35 58 35 51 45 28 60 29 1 13 31 3 1 40 62 40 59 38 59 51 11 52 34 12 59 2 4 3 45 0 
0 61 63 0 0 0 0 0 0 0 0 0 0 0 0 0 0 0 0 0 0 0 0 0 0 0 0 33 36 6 24 40 30 23 21 20 37 58 11 34 25 53 50 12 62 0 21 27 37 57 33 36 16 9 0 13 22 15 16 18 43 3 18 
0 33 0 19 0 0 0 0 0 0 0 0 0 0 0 0 0 0 0 0 0 0 0 0 0 0 0 33 20 8 51 0 45 18 31 49 39 11 16 16 17 6 56 22 54 4 0 24 31 30 54 10 4 37 51 0 51 7 40 61 13 13 45 
0 18 0 0 63 0 0 0 0 0 0 0 0 0 0 0 0 0 0 0 0 0 0 0 0 0 0 33 61 40 43 55 6 5 54 2 31 13 63 34 0 62 33 39 53 0 37 44 1 32 44 10 25 18 22 14 57 46 22 34 40 0 49 
0 56 0 0 0 10 0 0 0 0 0 0 0 0 0 0 0 0 0 0 0 0 0 0 0 0 0 0 33 0 24 21 10 0 16 1 21 25 50 34 17 51 52 59 33 4 48 27 41 50 35 36 35 49 28 14 39 35 6 60 48 0 6 
0 47 0 0 0 0 42 0 0 0 0 0 0 0 0 0 0 0 0 0 0 0 0 0 0 0 0 29 40 29 0 61 8 18 22 59 33 22 3 16 0 2 36 57 44 45 37 56 1 20 11 46 29 9 8 3 43 54 26 36 31 13 8 
0 61 0 0 0 0 0 29 0 0 0 0 0 0 0 0 0 0 0 0 0 0 0 0 0 0 0 33 1 32 24 11 63 18 30 33 29 5 25 16 8 44 28 43 40 4 0 61 12 58 23 46 13 10 1 14 36 20 42 18 48 0 47 
0 46 0 0 0 0 0 0 30 0 0 0 0 0 0 0 0 0 0 0 0 0 0 0 0 0 0 60 48 21 24 22 4 0 22 36 49 30 13 0 0 55 17 25 57 0 48 46 33 63 42 10 15 33 56 14 55 21 61 40 27 13 45 
0 13 0 0 0 0 0 0 0 33 0 0 0 0 0 0 0 0 0 0 0 0 0 0 0 0 0 0 17 41 51 57 11 23 41 22 28 34 36 0 25 31 2 38 9 45 37 24 53 35 62 46 55 12 0 0 0 62 51 63 24 14 12 
0 34 0 0 0 0 0 0 0 0 34 0 0 0 0 0 0 0 0 0 0 0 0 0 0 0 0 0 33 5 24 63 17 23 2 20 16 18 18 50 17 12 26 41 4 4 0 37 38 15 7 46 33 61 63 13 49 31 37 3 34 14 50 
0 17 0 0 0 0 0 0 0 0 0 5 0 0 0 0 0 0 0 0 0 0 0 0 0 0 0 33 47 21 51 36 48 23 36 24 37 56 38 34 17 53 46 50 53 41 21 9 48 33 42 36 47 41 54 3 36 0 12 44 44 3 58 
0 45 0 0 0 0 0 0 0 0 0 0 8 0 0 0 0 0 0 0 0 0 0 0 0 0 0 29 17 42 24 43 49 23 42 53 35 7 41 34 17 39 39 35 41 41 48 30 62 55 30 0 52 34 60 14 21 9 60 49 40 0 16 
0 54 0 0 0 0 0 0 0 0 0 0 0 51 0 0 0 0 0 0 0 0 0 0 0 0 0 33 53 22 24 52 30 23 45 42 27 10 41 0 0 30 55 4 6 0 37 58 55 31 57 10 20 23 38 14 57 32 6 30 61 13 35 
0 20 0 0 0 0 0 0 0 0 0 0 0 0 31 0 0 0 0 0 0 0 0 0 0 0 0 29 10 21 43 6 28 18 58 19 23 9 50 16 8 29 28 11 19 41 37 14 42 27 34 0 58 43 37 0 25 37 42 61 53 0 39 
0 54 0 0 0 0 0 0 0 0 0 0 0 0 0 18 0 0 0 0 0 0 0 0 0 0 0 29 36 6 43 37 32 0 42 37 3 11 51 0 17 10 58 2 2 45 37 10 54 52 40 36 48 6 60 13 32 30 26 6 46 3 56 
0 24 0 0 0 0 0 0 0 0 0 0 0 0 0 0 30 0 0 0 0 0 0 0 0 0 0 29 32 45 0 27 21 23 43 7 52 30 54 34 17 20 55 0 56 4 0 24 63 22 19 10 11 1 43 13 47 34 39 56 37 14 37 
0 0 0 0 0 0 0 0 0 0 0 0 0 0 0 0 0 14 0 0 0 0 0 0 0 0 0 60 39 56 24 16 9 23 22 27 6 19 22 50 0 16 53 23 49 41 0 14 37 60 44 0 48 16 24 0 14 7 28 46 3 13 37 
0 6 0 0 0 0 0 0 0 0 0 0 0 0 0 0 0 0 20 0 0 0 0 0 0 0 0 60 15 41 51 57 8 18 47 30 11 51 42 16 8 62 37 14 28 4 0 19 16 10 61 10 30 59 33 3 51 9 9 33 35 14 61 
0 17 0 0 0 0 0 0 0 0 0 0 0 0 0 0 0 0 0 13 0 0 0 0 0 0 0 33 35 44 0 3 0 5 29 28 8 12 23 0 0 25 47 45 7 45 21 20 4 48 36 46 20 61 56 3 56 21 52 6 40 13 4 
0 40 0 0 0 0 0 0 0 0 0 0 0 0 0 0 0 0 0 0 1 0 0 0 0 0 0 60 48 29 24 6 11 0 35 17 10 28 48 0 25 53 47 50 18 0 21 61 18 28 2 10 57 22 2 13 47 19 1 33 31 14 17 
0 29 0 0 0 0 0 0 0 0 0 0 0 0 0 0 0 0 0 0 0 26 0 0 0 0 0 29 42 52 43 61 53 5 53 25 17 52 5 34 0 16 54 23 26 4 21 6 26 40 47 46 34 54 63 13 23 47 12 22 1 13 61 
0 55 0 0 0 0 0 0 0 0 0 0 0 0 0 0 0 0 0 0 0 0 22 0 0 0 0 29 27 27 0 5 31 0 36 8 33 25 37 16 0 25 31 49 39 0 0 30 56 23 41 46 3 54 61 14 50 46 37 49 61 13 19 
0 5 0 0 0 0 0 0 0 0 0 0 0 0 0 0 0 0 0 0 0 0 0 7 0 0 0 29 17 8 0 2 52 23 13 38 21 33 10 50 25 30 37 8 4 4 21 29 2 61 55 0 11 63 48 14 44 29 31 11 6 14 46 
0 29 0 0 0 0 0 0 0 0 0 0 0 0 0 0 0 0 0 0 0 0 0 0 37 0 0 33 26 12 51 62 9 18 39 9 9 41 8 50 17 22 49 24 50 4 37 44 17 2 48 36 43 1 57 0 60 21 59 36 0 13 15 
0 19 0 0 0 0 0 0 0 0 0 0 0 0 0 0 0 0 0 0 0 0 0 0 0 43 0 0 61 14 24 59 58 5 39 26 59 19 16 34 17 45 8 38 62 45 37 58 16 12 41 36 0 45 12 0 45 2 59 63 31 14 58 
0 1 0 0 0 0 0 0 0 0 0 0 0 0 0 0 0 0 0 0 0 0 0 0 0 0 36 29 58 52 51 0 20 5 59 39 0 5 42 16 25 59 16 26 5 0 21 46 16 59 5 0 25 23 52 14 18 59 25 18 46 14 0 
0 0 57 9 0 0 0 0 0 0 0 0 0 0 0 0 0 0 0 0 0 0 0 0 0 0 0 11 46 13 41 40 2 41 0 46 7 0 15 37 47 45 62 40 47 43 0 37 1 32 10 57 41 63 24 27 22 32 26 18 21 35 44 
0 0 27 0 44 0 0 0 0 0 0 0 0 0 0 0 0 0 0 0 0 0 0 0 0 0 0 9 36 12 32 11 6 5 48 29 46 59 32 54 57 35 47 51 9 0 17 10 59 49 49 56 58 23 40 27 40 43 6 18 40 59 61 
0 0 18 0 0 54 0 0 0 0 0 0 0 0 0 0 0 0 0 0 0 0 0 0 0 0 0 14 46 26 15 27 59 16 48 30 0 58 45 34 2 26 56 53 2 43 10 61 29 31 62 57 43 52 6 25 22 42 36 18 40 21 8 
0 0 27 0 0 0 45 0 0 0 0 0 0 0 0 0 0 0 0 0 0 0 0 0 0 0 0 46 0 61 39 37 39 44 21 47 8 0 23 58 22 0 40 58 23 51 3 56 30 50 11 4 19 35 25 23 62 15 10 23 7 55 11 
0 0 4 0 0 0 0 59 0 0 0 0 0 0 0 0 0 0 0 0 0 0 0 0 0 0 0 56 46 1 2 42 14 27 48 62 60 1 13 5 46 38 6 63 40 43 20 38 56 1 23 39 19 36 58 62 40 16 8 23 27 15 9 
0 0 29 0 0 0 0 0 63 0 0 0 0 0 0 0 0 0 0 0 0 0 0 0 0 0 0 51 36 42 25 62 53 50 48 48 58 58 25 56 4 0 58 37 39 0 49 53 60 42 22 6 38 53 12 52 22 42 45 18 3 5 44 
0 0 54 0 0 0 0 0 0 54 0 0 0 0 0 0 0 0 0 0 0 0 0 0 0 0 0 55 46 55 47 8 11 49 48 22 6 58 48 36 13 60 39 5 60 51 49 62 34 6 31 29 2 18 0 16 40 47 1 23 51 3 52 
0 0 62 0 0 0 0 0 0 0 8 0 0 0 0 0 0 0 0 0 0 0 0 0 0 0 0 41 0 8 33 18 62 45 37 20 50 58 25 32 56 3 46 8 1 43 55 3 14 54 59 22 14 38 44 28 0 11 7 0 58 26 48 
0 0 38 0 0 0 0 0 0 0 0 46 0 0 0 0 0 0 0 0 0 0 0 0 0 0 0 49 36 42 54 28 46 1 21 7 21 1 38 23 8 53 52 22 55 24 55 18 48 60 11 5 49 45 15 32 22 57 12 23 7 48 44 
0 0 26 0 0 0 0 0 0 0 0 0 4 0 0 0 0 0 0 0 0 0 0 0 0 0 0 46 0 63 37 27 49 47 0 53 63 1 54 8 58 5 53 42 59 24 28 56 24 52 30 35 62 24 33 21 40 44 44 0 48 3 32 
0 0 62 0 0 0 0 0 0 0 0 0 0 5 0 0 0 0 0 0 0 0 0 0 0 0 0 2 36 62 28 46 47 40 0 53 51 1 61 25 35 4 53 33 28 0 57 28 39 45 24 7 57 38 61 5 40 40 22 0 22 36 47 
0 0 61 0 0 0 0 0 0 0 0 0 0 0 0 0 0 0 0 0 0 0 0 0 0 0 0 49 36 48 7 26 45 21 0 24 18 58 45 9 29 11 52 32 58 24 58 21 35 50 34 12 35 17 48 57 0 48 58 0 53 20 2 
0 0 30 0 0 0 0 0 0 0 0 0 0 0 0 42 0 0 0 0 0 0 0 0 0 0 0 35 36 28 50 48 17 11 0 46 24 58 56 19 63 25 9 15 29 51 10 55 44 3 9 9 23 54 33 12 40 7 26 23 5 61 27 
0 0 56 0 0 0 0 0 0 0 0 0 0 0 0 0 57 0 0 0 0 0 0 0 0 0 0 0 0 30 2 38 58 34 0 12 29 0 41 47 16 29 23 0 28 43 8 37 6 49 47 2 15 50 51 50 62 16 39 18 37 58 53 
0 0 7 0 0 0 0 0 0 0 0 0 0 0 0 0 0 57 0 0 0 0 0 0 0 0 0 38 10 46 15 36 56 46 21 4 26 59 29 2 9 50 48 18 32 24 43 21 21 18 44 46 37 1 43 21 62 32 12 18 40 61 34 
0 0 18 0 0 0 0 0 0 0 0 0 0 0 0 0 0 0 53 0 0 0 0 0 0 0 0 0 36 43 57 32 22 28 37 1 20 1 42 47 0 20 48 59 50 43 0 19 34 36 28 25 63 16 29 37 62 26 43 18 16 53 9 
0 0 3 0 0 0 0 0 0 0 0 0 0 0 0 0 0 0 0 41 0 0 0 0 0 0 0 41 46 63 35 27 47 27 21 3 41 59 8 12 57 36 14 17 25 51 18 15 12 37 24 8 11 5 12 24 62 19 6 5 40 7 63 
0 0 51 0 0 0 0 0 0 0 0 0 0 0 0 0 0 0 0 0 53 0 0 0 0 0 0 24 36 39 5 36 58 50 37 14 46 1 48 61 49 2 30 22 63 0 10 61 39 35 2 32 15 62 55 62 62 48 51 23 31 49 31 
0 0 47 0 0 0 0 0 0 0 0 0 0 0 0 0 0 0 0 0 0 2 0 0 0 0 0 44 46 16 61 13 53 2 37 6 45 58 26 47 11 5 45 18 16 43 35 59 6 25 14 23 0 19 44 21 40 17 12 18 42 8 30 
0 0 49 0 0 0 0 0 0 0 0 0 0 0 0 0 0 0 0 0 0 0 53 0 0 0 0 53 0 59 39 63 1 34 37 8 56 0 58 35 25 17 11 23 54 0 14 30 52 10 52 22 14 48 27 46 0 43 7 23 37 42 40 
0 0 55 0 0 0 0 0 0 0 0 0 0 0 0 0 0 0 0 0 0 0 0 63 0 0 0 32 36 17 20 55 5 45 0 38 48 1 10 38 34 4 48 25 23 43 1 59 32 31 22 39 31 19 21 1 22 5 45 23 6 16 33 
0 0 22 0 0 0 0 0 0 0 0 0 0 0 0 0 0 0 0 0 0 0 0 0 3 0 0 20 36 62 25 22 23 45 48 22 35 0 8 22 10 40 29 39 46 43 51 17 41 12 45 41 58 17 54 5 40 28 43 18 0 31 46 
0 0 63 0 0 0 0 0 0 0 0 0 0 0 0 0 0 0 0 0 0 0 0 0 0 57 0 58 0 23 5 63 58 37 37 17 49 58 27 31 23 41 43 9 0 51 38 58 18 56 52 59 0 39 52 59 40 56 59 23 44 56 59 
0 0 1 0 0 0 0 0 0 0 0 0 0 0 0 0 0 0 0 0 0 0 0 0 0 0 29 6 0 22 41 40 37 31 0 51 37 59 33 48 4 1 34 16 58 0 26 53 18 58 57 59 58 38 56 41 62 1 43 5 5 3 0 
0 0 0 54 42 0 0 0 0 0 0 0 0 0 0 0 0 0 0 0 0 0 0 0 0 0 0 2 50 15 3 55 28 58 20 24 39 20 49 42 54 46 25 40 52 15 0 20 59 54 48 58 45 23 37 38 33 7 0 31 22 1 2 
0 0 0 5 0 59 0 0 0 0 0 0 0 0 0 0 0 0 0 0 0 0 0 0 0 0 0 14 55 25 31 21 13 50 20 21 39 11 50 53 41 49 52 40 43 7 0 22 38 63 6 15 41 11 28 38 20 0 12 1 38 37 55 
0 0 0 27 0 0 56 0 0 0 0 0 0 0 0 0 0 0 0 0 0 0 0 0 0 0 0 58 22 48 32 61 21 23 31 48 32 0 60 11 40 41 40 22 42 59 0 52 36 21 31 34 45 15 16 61 0 0 52 2 23 31 52 
0 0 0 57 0 0 0 54 0 0 0 0 0 0 0 0 0 0 0 0 0 0 0 0 0 0 0 51 48 15 28 11 58 34 20 50 0 31 58 39 21 57 28 22 8 59 0 62 56 1 5 8 4 36 50 38 60 7 31 52 40 57 26 
0 0 0 48 0 0 0 0 10 0 0 0 0 0 0 0 0 0 0 0 0 0 0 0 0 0 0 44 49 41 33 22 0 34 20 59 32 11 49 12 45 4 41 40 15 42 0 18 60 13 26 44 4 25 11 38 4 7 51 21 62 61 0 
0 0 0 57 0 0 0 0 0 9 0 0 0 0 0 0 0 0 0 0 0 0 0 0 0 0 0 55 18 52 28 57 31 6 20 40 0 11 28 10 33 8 54 62 44 60 0 24 35 38 30 51 0 45 0 0 24 32 38 25 62 4 52 
0 0 0 62 0 0 0 0 0 0 57 0 0 0 0 0 0 0 0 0 0 0 0 0 0 0 0 41 60 11 21 63 29 0 11 31 0 11 7 50 18 36 34 22 20 32 0 62 15 54 30 39 45 38 63 27 49 0 38 3 49 21 15 
0 0 0 29 0 0 0 0 0 0 0 18 0 0 0 0 0 0 0 0 0 0 0 0 0 0 0 58 37 41 20 36 8 19 31 4 39 31 27 55 7 43 26 40 2 39 0 50 49 60 21 46 0 45 29 61 23 32 52 10 50 54 63 
0 0 0 39 0 0 0 0 0 0 0 0 34 0 0 0 0 0 0 0 0 0 0 0 0 0 0 58 25 50 60 43 30 55 0 2 32 31 15 60 37 58 31 0 11 24 0 4 35 51 47 42 45 39 60 38 13 7 9 49 21 13 31 
0 0 0 0 0 0 0 0 0 0 0 0 0 17 0 0 0 0 0 0 0 0 0 0 0 0 0 9 35 62 51 52 6 23 0 38 32 31 31 17 42 41 55 22 26 34 0 42 29 10 57 22 45 53 13 38 33 7 50 30 43 32 3 
0 0 0 43 0 0 0 0 0 0 0 0 0 0 5 0 0 0 0 0 0 0 0 0 0 0 0 37 48 48 35 6 51 33 0 33 0 11 50 19 13 61 36 40 48 38 0 21 35 18 50 52 41 61 61 0 25 0 33 61 55 31 46 
0 0 0 21 0 0 0 0 0 0 0 0 0 0 0 38 0 0 0 0 0 0 0 0 0 0 0 55 58 28 20 37 46 20 0 46 32 11 59 63 50 56 2 62 14 42 0 23 45 35 32 26 45 9 60 27 56 39 28 32 7 56 8 
0 0 0 43 0 0 0 0 0 0 0 0 0 0 0 0 53 0 0 0 0 0 0 0 0 0 0 20 7 29 53 27 52 57 0 62 39 0 27 59 44 17 59 0 53 5 0 0 7 17 21 1 4 30 51 27 4 0 7 5 21 50 25 
0 0 0 53 0 0 0 0 0 0 0 0 0 0 0 0 0 7 0 0 0 0 0 0 0 0 0 57 63 45 31 16 3 13 31 9 0 20 46 34 35 34 13 0 25 35 0 21 21 50 63 36 0 18 24 0 37 0 46 19 3 49 29 
0 0 0 12 0 0 0 0 0 0 0 0 0 0 0 0 0 0 22 0 0 0 0 0 0 0 0 31 34 37 34 57 60 2 11 30 0 31 35 46 49 50 37 62 63 63 0 44 34 36 16 39 4 47 33 61 24 32 53 28 7 11 54 
0 0 0 42 0 0 0 0 0 0 0 0 0 0 0 0 0 0 0 29 0 0 0 0 0 0 0 34 2 63 9 3 4 11 31 41 7 20 39 52 54 14 27 62 22 0 0 19 54 37 23 22 0 22 32 61 19 39 6 29 22 10 0 
0 0 0 45 0 0 0 0 0 0 0 0 0 0 0 0 0 0 0 0 5 0 0 0 0 0 0 7 49 41 59 6 54 34 11 39 0 31 37 27 0 55 47 40 60 7 0 38 28 4 53 17 0 62 49 27 4 7 4 7 20 38 12 
0 0 0 13 0 0 0 0 0 0 0 0 0 0 0 0 0 0 0 0 0 33 0 0 0 0 0 56 40 29 34 61 55 26 11 62 39 11 48 59 20 62 58 0 19 63 0 47 6 57 7 29 45 44 20 27 15 7 52 43 54 51 50 
0 0 0 39 0 0 0 0 0 0 0 0 0 0 0 0 0 0 0 0 0 0 46 0 0 0 0 33 61 53 32 5 57 16 11 25 39 0 55 26 17 8 31 62 8 7 0 47 52 42 34 39 0 28 61 38 50 7 38 23 37 35 59 
0 0 0 40 0 0 0 0 0 0 0 0 0 0 0 0 0 0 0 0 0 0 0 19 0 0 0 52 13 17 11 2 37 0 0 61 32 31 36 40 63 41 37 0 27 6 0 10 33 56 52 7 0 19 40 38 31 32 53 45 28 59 13 
0 0 0 11 0 0 0 0 0 0 0 0 0 0 0 0 0 0 0 0 0 0 0 0 36 0 0 31 18 48 37 62 7 45 20 12 0 0 17 61 48 62 9 22 20 23 0 12 18 43 42 61 41 46 18 0 36 32 41 25 0 33 61 
0 0 0 18 0 0 0 0 0 0 0 0 0 0 0 0 0 0 0 0 0 0 0 0 0 47 0 58 38 20 59 59 1 29 11 2 7 11 50 46 12 4 48 40 47 43 0 1 41 56 34 56 0 52 63 0 53 7 1 25 26 5 59 
0 0 0 1 0 0 0 0 0 0 0 0 0 0 0 0 0 0 0 0 0 0 0 0 0 0 55 18 1 21 0 0 34 38 0 54 39 20 51 37 2 58 36 22 46 59 0 18 41 58 43 1 45 53 44 38 57 0 47 9 7 4 0 
0 0 0 0 58 5 0 0 0 0 0 0 0 0 0 0 0 0 0 0 0 0 0 0 0 0 0 14 7 62 25 16 26 34 27 13 10 28 3 20 54 37 52 6 20 15 55 53 58 37 57 14 34 23 28 55 62 35 56 30 22 0 55 
0 0 0 0 1 0 0 0 0 0 0 0 0 0 0 0 0 0 0 0 0 0 0 0 0 0 0 13 40 42 7 46 28 40 8 3 53 40 34 53 0 42 57 17 27 57 5 12 1 63 20 25 45 18 32 47 60 54 12 22 22 1 57 
0 0 0 0 14 0 0 6 0 0 0 0 0 0 0 0 0 0 0 0 0 0 0 0 0 0 0 49 39 15 23 33 26 42 22 42 29 20 36 10 15 18 28 20 29 15 31 55 0 59 18 51 23 0 23 48 60 58 20 32 40 0 49 
0 0 0 0 31 0 0 0 18 0 0 0 0 0 0 0 0 0 0 0 0 0 0 0 0 0 0 25 13 27 49 42 26 16 7 8 37 60 47 56 0 9 48 22 14 0 54 8 0 12 54 22 32 18 46 30 12 59 43 10 22 1 2 
0 0 0 0 61 0 0 0 0 16 0 0 0 0 0 0 0 0 0 0 0 0 0 0 0 0 0 55 55 58 25 3 0 27 20 40 28 29 2 36 57 55 62 29 11 57 39 56 59 45 58 8 53 23 0 50 54 26 27 13 40 58 12 
0 0 0 0 26 0 0 0 0 0 44 0 0 0 0 0 0 0 0 0 0 0 0 0 0 0 0 41 33 41 61 25 28 1 58 31 16 8 40 25 54 36 59 35 51 15 53 35 59 57 31 28 12 0 63 29 47 31 27 3 22 58 3 
0 0 0 0 18 0 0 0 0 0 0 10 0 0 0 0 0 0 0 0 0 0 0 0 0 0 0 56 18 27 8 8 6 62 24 28 58 15 27 33 54 29 18 37 53 54 36 15 59 29 37 47 30 0 8 26 51 36 12 30 40 59 36 
0 0 0 0 19 0 0 0 0 0 0 0 14 0 0 0 0 0 0 0 0 0 0 0 0 0 0 13 17 31 16 4 0 52 35 2 55 35 62 62 54 49 6 42 43 54 31 34 58 18 49 42 41 23 60 3 19 39 42 49 22 0 33 
0 0 0 0 0 0 0 0 0 0 0 0 0 42 0 0 0 0 0 0 0 0 0 0 0 0 0 11 8 40 38 58 26 19 4 62 15 45 1 25 0 32 55 10 6 0 62 40 1 43 26 44 14 5 24 49 0 14 16 30 40 1 12 
0 0 0 0 53 0 0 0 0 0 0 0 0 0 14 0 0 0 0 0 0 0 0 0 0 0 0 18 55 37 7 26 26 39 1 10 23 46 3 6 15 53 61 19 17 54 51 47 0 33 16 52 51 18 13 54 17 37 60 61 0 0 8 
0 0 0 0 47 0 0 0 0 0 0 0 0 0 0 51 0 0 0 0 0 0 0 0 0 0 0 0 25 26 5 48 26 31 35 5 23 25 20 19 54 34 27 23 53 57 38 17 59 63 18 27 4 23 60 47 17 20 26 52 40 59 38 
0 0 0 0 8 0 0 0 0 0 0 0 0 0 0 0 28 0 0 0 0 0 0 0 0 0 0 35 32 23 55 38 28 55 24 21 43 49 42 25 54 2 42 0 15 15 25 20 59 47 0 59 13 18 3 57 17 34 39 26 0 58 10 
0 0 0 0 44 0 0 0 0 0 0 0 0 0 0 0 0 59 0 0 0 0 0 0 0 0 0 12 60 50 25 48 26 15 8 17 6 49 1 59 0 16 20 18 4 54 51 47 0 38 19 36 21 5 24 37 12 7 10 12 40 1 20 
0 0 0 0 13 0 0 0 0 0 0 0 0 0 0 0 0 0 5 0 0 0 0 0 0 0 0 42 50 44 49 52 6 13 62 6 11 27 35 32 15 40 37 35 43 15 0 63 0 46 55 29 40 23 33 13 23 45 55 3 62 58 12 
0 0 0 0 49 0 0 0 0 0 0 0 0 0 0 0 0 0 0 19 0 0 0 0 0 0 0 32 5 19 42 15 28 47 23 49 3 58 22 12 0 39 19 9 50 57 20 51 1 21 53 45 31 5 16 22 3 31 28 22 0 1 53 
0 0 0 0 45 0 0 0 0 0 0 0 0 0 0 0 0 0 0 0 20 0 0 0 0 0 0 50 13 20 55 47 26 16 6 63 10 5 37 61 57 53 47 37 37 0 63 27 58 38 55 43 54 0 20 13 17 61 41 19 0 58 15 
0 0 0 0 19 0 0 0 0 0 0 0 0 0 0 0 0 0 0 0 0 43 0 0 0 0 0 15 12 46 60 25 0 39 56 38 14 53 1 25 0 56 43 18 24 15 59 37 0 57 50 38 1 23 1 62 36 1 12 52 40 1 18 
0 0 0 0 47 0 0 0 0 0 0 0 0 0 0 0 0 0 0 0 0 0 41 0 0 0 0 22 27 14 7 32 6 50 33 25 62 17 6 44 0 25 31 15 37 0 3 49 0 21 23 28 13 18 61 2 34 0 27 3 22 1 13 
0 0 0 0 54 0 0 0 0 0 0 0 0 0 0 0 0 0 0 0 0 0 0 12 0 0 0 3 44 25 31 55 26 1 3 61 1 30 36 31 57 32 37 25 49 15 43 47 59 59 25 7 20 0 24 28 42 57 55 57 0 58 1 
0 0 0 0 59 0 0 0 0 0 0 0 0 0 0 0 0 0 0 0 0 0 0 0 1 0 0 29 39 28 22 22 6 19 25 20 9 4 17 47 54 22 16 12 7 15 16 44 58 23 6 60 59 23 7 23 23 49 45 6 0 1 17 
0 0 0 0 38 0 0 0 0 0 0 0 0 0 0 0 0 0 0 0 0 0 0 0 0 42 0 58 61 61 55 52 0 7 47 41 48 50 29 41 54 45 41 58 9 57 53 59 58 52 23 57 0 5 26 1 31 44 59 13 62 58 58 
0 0 0 0 1 0 0 0 0 0 0 0 0 0 0 0 0 0 0 0 0 0 0 0 0 0 36 37 58 6 3 55 26 6 58 5 31 25 28 63 57 59 44 59 50 0 13 8 58 1 40 1 0 5 28 34 10 59 49 2 40 58 0 
0 0 0 0 0 56 13 0 0 0 0 0 0 0 0 0 0 0 0 0 0 0 0 0 0 0 0 3 22 60 39 62 61 50 46 0 17 22 44 42 40 28 56 13 16 27 32 12 19 57 20 11 11 27 6 26 11 0 0 57 49 37 14 
0 0 0 0 0 8 0 31 0 0 0 0 0 0 0 0 0 0 0 0 0 0 0 0 0 0 0 14 7 39 13 49 2 50 13 39 29 13 42 21 17 32 0 8 9 60 11 0 52 1 18 40 32 36 28 7 35 35 63 15 21 0 51 
0 0 0 0 0 7 0 0 0 0 0 0 0 0 0 0 0 0 0 0 0 0 0 0 0 0 0 13 4 37 22 24 3 0 28 11 1 7 33 56 45 6 52 16 5 42 58 63 29 33 0 48 21 13 28 41 16 35 32 20 24 37 55 
0 0 0 0 0 16 0 0 0 54 0 0 0 0 0 0 0 0 0 0 0 0 0 0 0 0 0 0 37 4 25 19 20 16 15 40 28 59 12 36 12 32 12 7 20 28 48 13 47 25 53 18 2 38 0 50 7 42 49 34 3 48 12 
0 0 0 0 0 33 0 0 0 0 19 0 0 0 0 0 0 0 0 0 0 0 0 0 0 0 0 0 60 23 46 9 44 16 7 31 16 11 37 18 59 31 52 63 56 39 2 22 16 54 41 25 22 38 0 31 49 0 9 3 23 48 52 
0 0 0 0 0 30 0 0 0 0 0 47 0 0 0 0 0 0 0 0 0 0 0 0 0 0 0 14 16 37 0 58 31 16 62 17 48 48 27 53 46 41 12 35 53 0 8 56 56 60 42 60 49 45 26 47 3 42 56 49 15 21 38 
0 0 0 0 0 30 0 0 0 0 0 0 18 0 0 0 0 0 0 0 0 0 0 0 0 0 0 3 25 9 42 38 47 16 35 2 19 15 61 42 12 31 52 42 52 63 62 23 18 32 49 35 38 44 0 52 18 35 27 49 51 0 22 
0 0 0 0 0 54 0 0 0 0 0 0 0 49 0 0 0 0 0 0 0 0 0 0 0 0 0 14 22 40 19 8 31 16 4 51 43 2 15 25 42 2 0 22 6 34 33 29 28 38 21 49 33 42 26 6 62 35 26 30 22 37 57 
0 0 0 0 0 61 0 0 0 0 0 0 0 0 31 0 0 0 0 0 0 0 0 0 0 0 0 3 5 37 62 26 40 50 1 4 23 16 0 25 9 23 52 21 14 1 47 24 9 45 16 12 8 41 6 54 25 0 37 61 55 0 61 
0 0 0 0 0 11 0 0 0 0 0 0 0 0 0 3 0 0 0 0 0 0 0 0 0 0 0 3 15 26 11 48 9 0 35 11 51 18 25 19 27 5 52 13 62 10 10 19 34 28 29 48 15 2 0 45 39 9 6 27 58 21 36 
0 0 0 0 0 46 0 0 0 0 0 0 0 0 0 0 13 0 0 0 0 0 0 0 0 0 0 3 7 41 2 38 1 16 24 27 33 30 41 13 5 7 56 0 4 2 17 22 1 46 54 52 60 10 6 59 15 0 32 4 21 48 63 
0 0 0 0 0 6 0 0 0 0 0 0 0 0 0 0 0 41 0 0 0 0 0 0 0 0 0 13 61 12 0 2 13 16 46 28 6 2 12 48 35 50 52 18 16 4 24 24 48 13 19 46 37 13 0 37 46 0 28 18 62 37 35 
0 0 0 0 0 63 0 0 0 0 0 0 0 0 0 0 0 0 45 0 0 0 0 0 0 0 0 13 23 4 15 6 19 50 3 11 11 59 35 63 53 14 0 57 32 56 0 63 50 36 56 47 12 36 0 56 19 42 54 29 28 48 59 
0 0 0 0 0 26 0 0 0 0 0 0 0 0 0 0 0 0 0 55 0 0 0 0 0 0 0 14 53 19 35 61 36 34 49 60 45 29 21 12 54 34 12 19 38 32 29 4 4 37 3 7 11 9 6 35 24 9 22 39 22 37 2 
0 0 0 0 0 62 0 0 0 0 0 0 0 0 0 0 0 0 0 0 11 0 0 0 0 0 0 13 4 60 10 63 58 0 59 50 10 20 37 61 45 2 0 35 46 7 46 27 1 40 55 22 15 62 28 15 15 35 33 60 20 48 13 
0 0 0 0 0 50 0 0 0 0 0 0 0 0 0 0 0 0 0 0 0 13 0 0 0 0 0 3 31 56 4 43 2 34 5 43 4 45 2 13 20 25 56 18 7 56 3 39 28 6 61 24 24 39 26 60 16 35 56 42 11 37 39 
0 0 0 0 0 33 0 0 0 0 0 0 0 0 0 0 0 0 0 0 0 0 25 0 0 0 0 3 61 38 39 2 1 0 28 25 52 25 5 51 17 17 0 21 58 7 13 49 12 21 46 25 14 8 0 53 50 35 9 44 3 37 15 
0 0 0 0 0 57 0 0 0 0 0 0 0 0 0 0 0 0 0 0 0 0 0 5 0 0 0 3 56 25 20 55 22 16 3 61 37 41 36 20 18 2 0 25 37 1 49 26 26 20 22 39 31 19 6 43 11 42 14 22 28 48 52 
0 0 0 0 0 23 0 0 0 0 0 0 0 0 0 0 0 0 0 0 0 0 0 0 8 0 0 14 39 52 47 22 41 50 2 25 9 41 17 36 25 40 52 16 19 16 5 46 12 7 63 16 17 37 26 23 59 42 60 24 0 37 19 
0 0 0 0 0 6 0 0 0 0 0 0 0 0 0 0 0 0 0 0 0 0 0 0 0 37 0 0 38 3 10 36 59 34 18 39 30 10 16 61 37 41 52 60 2 11 53 59 54 56 46 2 0 43 28 1 42 35 58 34 1 48 58 
0 0 0 0 0 1 0 0 0 0 0 0 0 0 0 0 0 0 0 0 0 0 0 0 0 0 53 3 1 56 31 21 49 34 58 6 21 20 17 32 47 1 12 39 57 59 12 63 54 58 30 59 34 42 6 21 50 0 18 51 58 48 0 
0 0 0 0 0 0 48 28 0 0 0 0 0 0 0 0 0 0 0 0 0 0 0 0 0 0 0 34 22 26 39 15 10 53 32 32 33 62 28 44 62 61 6 18 58 58 31 56 12 58 0 9 19 10 50 58 29 54 44 57 58 57 62 
0 0 0 0 0 0 44 0 12 0 0 0 0 0 0 0 0 0 0 0 0 0 0 0 0 0 0 18 40 12 39 14 48 34 40 31 34 22 3 12 0 0 44 47 48 9 33 56 33 43 31 49 36 40 4 30 41 54 39 50 41 34 52 
0 0 0 0 0 0 23 0 0 44 0 0 0 0 0 0 0 0 0 0 0 0 0 0 0 0 0 53 22 17 32 45 31 3 23 22 26 22 7 10 22 33 25 41 57 32 34 12 14 40 11 8 53 38 0 34 51 15 47 61 44 15 12 
0 0 0 0 0 0 62 0 0 0 33 0 0 0 0 0 0 0 0 0 0 0 0 0 0 0 0 4 0 46 39 55 8 5 42 20 34 22 6 38 40 13 56 16 22 28 53 12 29 15 31 23 33 61 44 13 30 0 35 14 38 30 58 
0 0 0 0 0 0 38 0 0 0 0 53 0 0 0 0 0 0 0 0 0 0 0 0 0 0 0 1 40 12 32 44 45 22 50 25 52 62 61 40 40 2 10 4 55 61 54 56 11 33 11 22 30 41 30 2 5 15 12 17 32 34 43 
0 0 0 0 0 0 41 0 0 0 0 0 22 0 0 0 0 0 0 0 0 0 0 0 0 0 0 0 0 2 39 14 30 50 42 53 53 62 10 35 40 23 35 35 62 17 8 12 4 40 0 9 4 8 33 34 3 54 38 30 2 13 24 
0 0 0 0 0 0 34 0 0 0 0 0 0 56 0 0 0 0 0 0 0 0 0 0 0 0 0 25 40 62 39 30 54 18 45 43 1 62 9 17 0 45 53 61 28 16 59 12 54 11 11 10 35 52 44 0 60 54 28 47 57 63 58 
0 0 0 0 0 0 23 0 0 0 0 0 0 0 40 0 0 0 0 0 0 0 0 0 0 0 0 11 40 48 7 26 3 54 58 41 5 22 44 24 62 20 34 61 63 7 54 56 42 16 0 56 26 34 41 15 8 0 48 38 55 31 62 
0 0 0 0 0 0 18 0 0 0 0 0 0 0 0 29 0 0 0 0 0 0 0 0 0 0 0 14 40 28 7 48 30 20 42 31 50 22 27 63 40 17 31 13 10 8 35 52 13 63 11 46 41 44 33 47 52 57 26 50 21 44 41 
0 0 0 0 0 0 44 0 0 0 0 0 0 0 0 0 31 0 0 0 0 0 0 0 0 0 0 36 0 56 0 38 33 60 43 61 45 0 1 36 40 60 63 0 11 44 25 52 4 29 31 24 9 8 42 7 41 0 39 16 21 57 60 
0 0 0 0 0 0 34 0 0 0 0 0 0 0 0 0 0 5 0 0 0 0 0 0 0 0 0 55 62 8 39 20 51 8 0 26 28 40 43 54 0 34 38 23 50 16 51 56 37 55 0 10 21 51 43 48 21 0 6 46 17 46 45 
0 0 0 0 0 0 4 0 0 0 0 0 0 0 0 0 0 0 55 0 0 0 0 0 0 0 0 10 40 48 32 16 25 21 7 31 31 62 9 37 62 31 48 1 37 23 0 0 16 10 11 37 44 17 29 16 51 15 15 24 2 0 53 
0 0 0 0 0 0 9 0 0 0 0 0 0 0 0 0 0 0 0 22 0 0 0 0 0 0 0 42 22 63 0 43 17 25 11 29 12 40 28 52 0 10 48 34 11 1 6 56 5 48 31 56 31 30 21 54 44 57 40 22 22 21 12 
0 0 0 0 0 0 37 0 0 0 0 0 0 0 0 0 0 0 0 0 3 0 0 0 0 0 0 33 40 60 39 1 6 34 11 16 36 62 21 27 22 55 30 4 40 32 45 0 40 8 0 42 54 22 63 63 41 54 29 18 20 45 0 
0 0 0 0 0 0 33 0 0 0 0 0 0 0 0 0 0 0 0 0 0 57 0 0 0 0 0 55 22 45 7 61 55 8 29 24 56 22 25 36 0 23 5 23 21 23 41 52 26 35 11 44 44 28 61 39 54 54 12 26 36 44 36 
0 0 0 0 0 0 9 0 0 0 0 0 0 0 0 0 0 0 0 0 0 0 25 0 0 0 0 38 0 32 0 42 28 16 12 8 29 0 62 17 0 8 11 62 51 32 3 0 56 28 20 23 13 63 27 24 16 54 35 48 50 60 2 
0 0 0 0 0 0 30 0 0 0 0 0 0 0 0 0 0 0 0 0 0 0 0 1 0 0 0 3 40 17 0 55 21 5 13 38 12 62 46 60 22 45 48 8 5 33 57 12 57 41 11 32 20 63 12 41 20 15 3 49 28 48 55 
0 0 0 0 0 0 16 0 0 0 0 0 0 0 0 0 0 0 0 0 0 0 0 0 39 0 0 49 40 37 32 22 34 58 25 8 42 0 25 41 40 62 11 33 60 41 21 52 43 22 20 41 18 43 39 18 46 15 33 10 0 62 30 
0 0 0 0 0 0 0 0 0 0 0 0 0 0 0 0 0 0 0 0 0 0 0 0 0 59 0 59 0 49 39 26 1 15 15 32 39 22 49 49 40 4 61 16 23 50 48 0 42 12 20 62 0 14 60 58 55 54 59 61 31 14 58 
0 0 0 0 0 0 1 0 0 0 0 0 0 0 0 0 0 0 0 0 0 0 0 0 0 0 36 62 0 48 32 61 18 52 59 28 33 40 10 46 22 58 28 35 45 1 31 56 42 59 31 58 45 52 33 63 15 0 5 29 21 15 0 
0 0 0 0 0 0 0 46 28 0 0 0 0 0 0 0 0 0 0 0 0 0 0 0 0 0 0 7 36 50 27 55 1 34 17 43 33 42 31 12 41 27 28 42 47 42 11 19 0 58 5 27 2 10 57 46 17 1 12 4 62 57 26 
0 0 0 0 0 0 0 60 0 54 0 0 0 0 0 0 0 0 0 0 0 0 0 0 0 0 0 55 34 14 26 34 20 52 2 40 0 55 27 10 45 32 26 62 55 61 31 3 56 1 23 1 55 36 0 50 10 33 34 4 40 54 56 
0 0 0 0 0 0 0 30 0 0 61 0 0 0 0 0 0 0 0 0 0 0 0 0 0 0 0 41 60 34 35 56 27 50 4 31 0 18 28 53 16 51 28 2 18 27 0 62 56 0 5 30 47 0 63 56 47 31 54 14 7 54 63 
0 0 0 0 0 0 0 15 0 0 0 63 0 0 0 0 0 0 0 0 0 0 0 0 0 0 0 9 48 50 3 21 42 33 48 54 29 38 61 23 53 10 26 1 53 29 20 52 56 0 23 53 47 0 13 15 46 31 56 40 28 15 48 
0 0 0 0 0 0 0 46 0 0 0 0 58 0 0 0 0 0 0 0 0 0 0 0 0 0 0 34 25 45 39 56 47 5 35 2 33 53 12 28 37 52 28 35 23 34 11 5 52 59 0 9 58 36 60 51 47 29 55 30 13 0 13 
0 0 0 0 0 0 0 62 0 0 0 0 0 21 0 0 0 0 0 0 0 0 0 0 0 0 0 58 54 22 30 39 29 37 4 20 33 54 21 17 9 50 0 47 6 34 31 33 12 58 23 32 26 46 29 1 60 52 54 47 13 57 23 
0 0 0 0 0 0 0 19 0 0 0 0 0 0 42 0 0 0 0 0 0 0 0 0 0 0 0 61 37 21 48 26 42 3 1 3 0 47 42 52 43 34 28 56 45 28 31 51 0 1 0 56 57 10 31 54 17 37 9 38 53 0 62 
0 0 0 0 0 0 0 63 0 0 0 0 0 0 0 40 0 0 0 0 0 0 0 0 0 0 0 47 47 6 5 48 11 20 35 12 33 26 1 63 55 53 28 26 20 43 31 44 56 1 23 13 62 36 60 10 45 21 6 11 30 15 5 
0 0 0 0 0 0 0 61 0 0 0 0 0 0 0 0 26 0 0 0 0 0 0 0 0 0 0 12 7 10 2 38 54 11 24 28 29 47 7 27 6 7 6 0 46 62 0 62 56 1 5 50 6 10 17 28 48 34 32 38 37 54 11 
0 0 0 0 0 0 0 52 0 0 0 0 0 0 0 0 0 0 0 0 0 0 0 0 0 0 0 18 26 31 13 45 15 63 32 59 0 59 49 37 42 16 28 23 25 25 0 51 0 1 0 10 48 46 24 37 45 7 48 24 51 57 58 
0 0 0 0 0 0 0 11 0 0 0 0 0 0 0 0 0 0 34 0 0 0 0 0 0 0 0 52 55 9 12 41 38 32 0 44 0 57 9 9 10 45 0 22 10 4 0 19 0 0 23 15 19 36 33 24 54 22 9 46 54 54 9 
0 0 0 0 0 0 0 30 0 0 0 0 0 0 0 0 0 0 0 25 0 0 0 0 0 0 0 17 50 44 35 18 19 27 63 27 60 47 26 52 15 53 26 53 47 1 20 41 12 0 5 49 20 46 2 3 34 30 5 25 40 57 6 
0 0 0 0 0 0 0 23 0 0 0 0 0 0 0 0 0 0 0 0 47 0 0 0 0 0 0 44 36 61 7 14 56 34 56 21 0 8 21 27 48 53 0 1 4 7 20 61 52 58 0 0 57 0 3 40 48 7 50 43 31 54 40 
0 0 0 0 0 0 0 1 0 0 0 0 0 0 0 0 0 0 0 0 0 10 0 0 0 0 0 32 24 51 10 4 2 10 6 12 29 9 31 27 31 47 6 23 36 4 20 32 0 1 23 37 44 36 4 27 24 59 56 44 49 57 56 
0 0 0 0 0 0 0 44 0 0 0 0 0 0 0 0 0 0 0 0 0 0 63 0 0 0 0 57 61 59 39 28 52 16 31 25 29 8 56 61 8 25 0 41 25 7 0 30 0 1 18 30 3 10 61 50 34 58 54 9 24 57 29 
0 0 0 0 0 0 0 27 0 0 0 0 0 0 0 0 0 0 0 0 0 0 0 31 0 0 0 44 24 8 20 55 20 50 3 61 33 46 46 47 28 50 0 8 44 61 20 6 56 58 23 32 11 0 10 44 55 2 29 8 6 54 20 
0 0 0 0 0 0 0 39 0 0 0 0 0 0 0 0 0 0 0 0 0 0 0 0 13 0 0 44 7 44 44 22 28 15 15 62 0 45 25 58 0 22 28 51 26 44 31 10 52 58 18 10 40 36 2 23 43 10 16 60 0 57 7 
0 0 0 0 0 0 0 12 0 0 0 0 0 0 0 0 0 0 0 0 0 0 0 0 0 24 0 58 38 41 7 21 59 13 17 32 60 41 43 14 33 45 28 21 40 42 31 58 52 0 18 29 0 46 13 1 35 22 58 4 10 54 1 
0 0 0 0 0 0 0 1 0 0 0 0 0 0 0 0 0 0 0 0 0 0 0 0 0 0 22 10 1 19 28 11 51 54 58 38 29 5 16 2 7 59 26 49 19 59 20 19 52 0 5 58 23 46 14 18 43 59 1 18 30 54 0 
0 0 0 0 0 0 0 0 9 34 0 0 0 0 0 0 0 0 0 0 0 0 0 0 0 0 0 2 52 33 39 39 20 50 19 22 26 60 4 0 4 29 27 53 28 9 49 60 60 48 2 32 55 48 0 50 53 27 40 41 40 31 52 
0 0 0 0 0 0 0 0 47 0 14 0 0 0 0 0 0 0 0 0 0 0 0 0 0 0 0 45 33 50 56 59 33 50 29 20 34 12 8 52 45 14 11 29 38 42 2 1 60 15 4 52 24 61 63 50 49 31 3 3 15 14 15 
0 0 0 0 0 0 0 0 36 0 0 44 0 0 0 0 0 0 0 0 0 0 0 0 0 0 0 45 31 0 62 16 17 50 56 18 36 23 61 56 45 55 55 51 55 35 51 39 60 33 9 17 47 41 2 43 19 37 12 58 36 16 63 
0 0 0 0 0 0 0 0 22 0 0 0 10 0 0 0 0 0 0 0 0 0 0 0 0 0 0 18 17 57 60 14 47 50 35 53 23 40 7 56 45 18 54 42 27 35 4 58 29 27 47 42 13 30 60 29 32 28 1 49 43 13 31 
0 0 0 0 0 0 0 0 9 0 0 0 0 51 0 0 0 0 0 0 0 0 0 0 0 0 0 6 5 40 5 50 28 50 4 32 35 37 10 0 0 41 55 52 28 0 32 30 33 32 37 58 45 10 18 47 12 53 59 30 61 29 3 
0 0 0 0 0 0 0 0 55 0 0 0 0 0 8 0 0 0 0 0 0 0 0 0 0 0 0 6 58 37 22 28 43 34 1 61 5 23 33 12 41 31 13 5 26 35 46 32 0 8 50 52 12 10 41 54 25 37 23 61 55 31 46 
0 0 0 0 0 0 0 0 34 0 0 0 0 0 0 36 0 0 0 0 0 0 0 0 0 0 0 17 20 26 35 21 10 0 35 11 16 21 21 0 45 8 43 63 58 9 11 0 60 39 60 37 9 58 60 0 21 46 26 16 17 30 8 
0 0 0 0 0 0 0 0 21 0 0 0 0 0 0 0 5 0 0 0 0 0 0 0 0 0 0 24 32 12 2 61 12 50 24 41 61 30 12 56 45 33 63 0 59 42 17 18 60 5 15 45 4 32 39 22 45 34 39 16 21 41 25 
0 0 0 0 0 0 0 0 52 0 0 0 0 0 0 0 0 53 0 0 0 0 0 0 0 0 0 48 50 41 22 28 14 50 40 17 28 34 37 52 0 16 36 18 39 35 24 32 0 47 63 36 48 13 24 37 12 7 33 6 21 12 29 
0 0 0 0 0 0 0 0 0 0 0 0 0 0 0 0 0 0 48 0 0 0 0 0 0 0 0 43 63 17 49 49 29 34 25 20 31 28 9 12 41 11 37 11 21 42 0 19 0 10 12 11 17 7 33 60 49 44 47 9 47 16 54 
0 0 0 0 0 0 0 0 33 0 0 0 0 0 0 0 0 0 0 51 0 0 0 0 0 0 0 30 6 19 35 48 41 16 55 22 62 61 17 0 0 46 54 33 30 9 38 58 33 48 13 5 20 32 52 39 58 37 47 56 22 55 0 
0 0 0 0 0 0 0 0 12 0 0 0 0 0 0 0 0 0 0 0 15 0 0 0 0 0 0 24 0 41 28 52 57 0 33 27 36 51 21 0 4 53 47 51 24 0 21 61 29 35 53 61 57 22 58 34 45 6 26 55 20 61 12 
0 0 0 0 0 0 0 0 43 0 0 0 0 0 0 0 0 0 0 0 0 22 0 0 0 0 0 39 15 8 44 24 2 16 31 19 40 42 20 56 0 18 62 18 48 42 56 12 0 59 27 14 27 10 11 17 34 58 12 62 32 14 50 
0 0 0 0 0 0 0 0 15 0 0 0 0 0 0 0 0 0 0 0 0 0 45 0 0 0 0 47 27 51 39 4 15 0 6 8 13 25 51 12 0 25 31 39 22 0 13 30 0 4 36 52 3 23 61 28 50 59 3 39 27 30 59 
0 0 0 0 0 0 0 0 35 0 0 0 0 0 0 0 0 0 0 0 0 0 0 42 0 0 0 31 33 25 20 53 21 50 3 38 46 14 46 52 4 41 37 25 16 42 10 57 60 2 40 7 11 63 60 2 27 56 4 29 28 32 13 
0 0 0 0 0 0 0 0 47 0 0 0 0 0 0 0 0 0 0 0 0 0 0 0 24 0 0 56 42 33 17 40 39 34 30 3 42 41 25 52 45 22 32 50 41 42 4 38 29 61 44 2 29 61 13 23 9 48 6 12 0 28 61 
0 0 0 0 0 0 0 0 56 0 0 0 0 0 0 0 0 0 0 0 0 0 0 0 0 42 0 1 61 38 28 18 59 16 8 52 21 13 63 56 45 45 25 44 39 9 52 58 29 12 36 7 0 48 52 1 24 23 59 41 50 30 59 
0 0 0 0 0 0 0 0 1 0 0 0 0 0 0 0 0 0 0 0 0 0 0 0 0 0 1 4 58 29 33 22 50 16 58 3 49 52 4 12 4 59 9 5 29 0 55 0 29 59 49 1 32 10 56 60 16 59 2 44 17 31 0 
0 0 0 0 0 0 0 0 0 14 27 0 0 0 0 0 0 0 0 0 0 0 0 0 0 0 0 0 60 19 19 26 31 28 49 0 0 48 33 46 54 44 4 11 7 27 53 27 44 54 47 31 53 38 0 16 47 11 27 14 17 8 12 
0 0 0 0 0 0 0 0 0 6 0 35 0 0 0 0 0 0 0 0 0 0 0 0 0 0 0 55 32 33 8 5 11 48 7 40 28 10 61 36 6 35 63 45 2 26 4 59 18 60 20 15 0 45 0 34 10 22 52 44 52 38 56 
0 0 0 0 0 0 0 0 0 55 0 0 23 0 0 0 0 0 0 0 0 0 0 0 0 0 0 53 25 36 58 10 0 30 35 0 26 53 42 36 52 43 34 9 39 54 24 26 42 40 30 9 53 10 0 50 37 29 18 30 27 14 12 
0 0 0 0 0 0 0 0 0 55 0 0 0 29 0 0 0 0 0 0 0 0 0 0 0 0 0 55 38 40 53 55 20 25 4 40 26 56 14 0 35 48 2 15 26 16 25 16 55 55 7 27 53 49 0 50 54 25 41 47 37 35 52 
0 0 0 0 0 0 0 0 0 51 0 0 0 0 19 0 0 0 0 0 0 0 0 0 0 0 0 53 53 37 57 26 20 58 1 62 0 43 12 10 30 53 24 34 28 32 20 27 35 52 34 56 2 20 0 0 17 48 58 38 53 11 52 
0 0 0 0 0 0 0 0 0 37 0 0 0 0 0 62 0 0 0 0 0 0 0 0 0 0 0 53 63 26 14 48 20 11 35 62 26 41 60 0 49 48 3 46 29 40 1 29 14 5 22 55 53 36 0 16 39 25 28 15 54 37 56 
0 0 0 0 0 0 0 0 0 14 0 0 0 0 0 0 60 0 0 0 0 0 0 0 0 0 0 53 7 45 53 38 31 19 24 62 28 30 33 36 30 0 53 0 38 43 25 24 36 55 59 9 55 55 0 16 30 16 7 11 37 15 52 
0 0 0 0 0 0 0 0 0 6 0 0 0 0 0 0 0 16 0 0 0 0 0 0 0 0 0 2 40 8 25 61 20 31 23 40 0 3 12 46 9 34 53 5 38 55 51 27 21 20 44 10 0 22 0 0 3 32 53 53 27 43 12 
0 0 0 0 0 0 0 0 0 1 0 0 0 0 0 0 0 0 46 0 0 0 0 0 0 0 0 2 39 45 62 57 11 51 53 40 0 1 9 10 3 35 21 22 44 16 0 63 34 36 3 52 55 2 0 34 24 53 8 3 8 57 12 
0 0 0 0 0 0 0 0 0 61 0 0 0 0 0 0 0 0 0 20 0 0 0 0 0 0 0 55 16 19 9 2 31 5 8 40 6 28 60 0 57 23 4 31 41 33 52 7 28 37 12 48 0 18 0 34 12 13 32 48 40 42 12 
0 0 0 0 0 0 0 0 0 22 0 0 0 0 0 0 0 0 0 0 55 0 0 0 0 0 0 2 52 21 61 44 20 50 13 40 0 46 21 0 60 55 49 45 47 32 31 27 21 57 2 59 0 62 0 16 30 1 34 47 31 16 56 
0 0 0 0 0 0 0 0 0 2 0 0 0 0 0 0 0 0 0 0 0 8 0 0 0 0 0 53 58 21 56 20 0 28 51 40 28 22 57 36 11 54 14 5 63 16 27 41 6 31 17 36 53 1 0 16 18 32 52 1 25 28 52 
0 0 0 0 0 0 0 0 0 14 0 0 0 0 0 0 0 0 0 0 0 0 51 0 0 0 0 53 61 15 32 46 11 34 42 0 28 25 30 10 25 8 20 5 36 32 3 49 52 12 63 31 0 53 0 50 34 26 27 13 14 46 56 
0 0 0 0 0 0 0 0 0 21 0 0 0 0 0 0 0 0 0 0 0 0 0 59 0 0 0 53 8 25 11 55 20 28 3 0 26 19 46 46 47 48 21 17 36 38 11 23 2 5 9 32 0 19 0 50 19 42 19 12 6 44 52 
0 0 0 0 0 0 0 0 0 45 0 0 0 0 0 0 0 0 0 0 0 0 0 0 29 0 0 55 23 29 57 22 11 2 13 40 0 41 25 46 4 62 28 21 43 46 55 32 27 22 38 48 2 3 0 0 33 51 50 17 0 25 56 
0 0 0 0 0 0 0 0 0 44 0 0 0 0 0 0 0 0 0 0 0 0 0 0 0 33 0 0 38 7 61 55 0 59 36 62 6 49 22 36 25 4 19 38 60 18 18 59 32 56 63 39 0 48 0 0 41 9 1 0 52 58 0 
0 0 0 0 0 0 0 0 0 1 0 0 0 0 0 0 0 0 0 0 0 0 0 0 0 0 24 53 1 60 28 57 20 1 58 22 28 21 45 10 9 58 23 32 61 1 45 60 32 58 45 58 53 49 0 50 5 1 9 59 54 0 0 
0 0 0 0 0 0 0 0 0 0 21 50 0 0 0 0 0 0 0 0 0 0 0 0 0 0 0 41 33 50 10 25 52 44 8 31 16 47 38 37 21 15 40 54 55 32 55 6 62 0 36 4 30 0 19 58 49 11 56 14 29 63 42 
0 0 0 0 0 0 0 0 0 0 13 0 49 0 0 0 0 0 0 0 0 0 0 0 0 0 0 4 0 27 4 12 30 2 9 0 34 16 62 49 55 20 61 35 0 31 2 1 21 57 47 9 37 38 0 19 47 31 56 0 36 14 34 
0 0 0 0 0 0 0 0 0 0 11 0 0 62 0 0 0 0 0 0 0 0 0 0 0 0 0 41 33 40 61 43 39 5 41 31 34 29 44 8 42 35 55 45 28 34 53 11 36 15 8 15 2 27 19 3 47 31 57 0 4 50 1 
0 0 0 0 0 0 0 0 0 0 34 0 0 0 62 0 0 0 0 0 0 0 0 0 0 0 0 4 33 37 26 26 18 60 59 11 0 27 37 13 8 25 6 15 1 33 53 38 35 54 50 56 7 61 44 57 0 0 6 0 55 11 5 
0 0 0 0 0 0 0 0 0 0 51 0 0 0 0 13 0 0 0 0 0 0 0 0 0 0 0 4 33 26 47 48 15 11 9 11 34 25 33 44 32 28 32 47 28 13 53 59 34 54 17 60 8 38 0 16 47 20 6 14 40 60 40 
0 0 0 0 0 0 0 0 0 0 56 0 0 0 0 0 48 0 0 0 0 0 0 0 0 0 0 4 0 62 2 38 41 15 51 11 16 30 33 17 62 63 43 0 29 37 0 62 8 54 11 29 53 61 44 46 30 0 32 3 21 7 7 
0 0 0 0 0 0 0 0 0 0 9 0 0 0 0 0 0 34 0 0 0 0 0 0 0 0 0 45 29 27 46 33 34 3 42 31 0 22 4 50 35 34 47 23 26 36 0 38 21 54 63 10 21 27 0 21 30 0 63 3 44 58 23 
0 0 0 0 0 0 0 0 0 0 24 0 0 0 0 0 0 0 60 0 0 0 0 0 0 0 0 45 33 1 5 37 0 53 41 31 0 36 42 22 52 28 37 35 51 31 0 63 34 0 33 32 16 38 0 63 30 11 63 3 25 49 15 
0 0 0 0 0 0 0 0 0 0 50 0 0 0 0 0 0 0 0 22 0 0 0 0 0 0 0 41 60 19 35 30 25 31 62 31 50 9 0 56 54 4 41 0 35 39 55 58 15 0 9 47 31 27 44 2 30 20 60 13 22 59 54 
0 0 0 0 0 0 0 0 0 0 23 0 0 0 0 0 0 0 0 0 55 0 0 0 0 0 0 45 33 57 36 54 23 50 29 31 0 11 48 38 23 55 47 54 62 7 55 27 42 15 53 47 54 0 63 34 30 31 11 14 20 24 1 
0 0 0 0 0 0 0 0 0 0 7 0 0 0 0 0 0 0 0 0 0 59 0 0 0 0 0 4 60 42 32 8 55 6 53 31 16 38 18 17 20 26 42 23 43 31 55 15 6 54 54 59 13 38 19 9 47 31 56 3 25 13 31 
0 0 0 0 0 0 0 0 0 0 44 0 0 0 0 0 0 0 0 0 0 0 42 0 0 0 0 4 0 35 39 40 5 34 61 0 16 25 50 46 17 8 31 28 13 7 0 49 52 54 13 0 13 61 0 40 0 31 0 14 20 63 3 
0 0 0 0 0 0 0 0 0 0 61 0 0 0 0 0 0 0 0 0 0 0 0 60 0 0 0 4 33 25 20 55 4 0 14 0 34 54 10 28 40 35 37 8 45 38 55 12 46 15 5 32 20 0 44 7 49 11 36 14 28 36 12 
0 0 0 0 0 0 0 0 0 0 48 0 0 0 0 0 0 0 0 0 0 0 0 0 62 0 0 41 33 49 37 22 59 4 50 31 0 41 8 57 34 62 43 49 20 55 53 6 36 15 5 59 15 38 19 5 47 11 31 3 0 8 31 
0 0 0 0 0 0 0 0 0 0 7 0 0 0 0 0 0 0 0 0 0 0 0 0 0 46 0 0 0 20 36 45 1 33 48 11 50 1 2 52 30 4 18 34 1 12 53 59 31 0 13 44 0 27 63 59 47 31 58 14 4 50 58 
0 0 0 0 0 0 0 0 0 0 1 0 0 0 0 0 0 0 0 0 0 0 0 0 0 0 63 4 0 47 21 63 3 27 1 20 16 0 56 2 21 58 22 51 59 59 55 1 31 0 53 58 12 27 44 47 30 0 56 13 40 8 0 
0 0 0 0 0 0 0 0 0 0 0 60 16 0 0 0 0 0 0 0 0 0 0 0 0 0 0 1 17 57 35 60 49 46 42 2 54 19 27 31 34 34 14 42 2 19 30 61 61 29 30 35 30 45 29 23 31 35 12 30 23 3 24 
0 0 0 0 0 0 0 0 0 0 0 60 0 26 0 0 0 0 0 0 0 0 0 0 0 0 0 51 26 40 44 34 11 41 45 34 14 16 61 25 42 26 2 31 0 50 12 25 50 33 19 16 30 4 34 53 51 39 12 47 17 49 50 
0 0 0 0 0 0 0 0 0 0 0 55 0 0 39 0 0 0 0 0 0 0 0 0 0 0 0 30 37 37 40 28 9 47 58 12 23 18 27 27 45 22 52 54 2 59 15 7 35 60 34 12 49 41 26 15 25 48 12 38 53 20 27 
0 0 0 0 0 0 0 0 0 0 0 9 0 0 0 47 0 0 0 0 0 0 0 0 0 0 0 12 11 26 31 21 53 11 42 3 22 39 38 19 53 19 47 39 55 36 63 32 28 60 2 12 30 45 29 24 42 49 0 35 2 13 53 
0 0 0 0 0 0 0 0 0 0 0 17 0 0 0 0 38 0 0 0 0 0 0 0 0 0 0 47 32 12 53 61 48 35 43 19 17 47 27 56 43 9 38 0 55 53 8 50 54 60 48 21 47 41 23 48 1 16 0 24 37 31 46 
0 0 0 0 0 0 0 0 0 0 0 38 0 0 0 0 0 22 0 0 0 0 0 0 0 0 0 56 57 41 0 12 28 47 50 13 6 32 38 7 35 34 25 18 53 41 43 7 21 60 44 46 0 4 51 48 32 32 12 38 47 40 47 
0 0 0 0 0 0 0 0 0 0 0 19 0 0 0 0 0 0 9 0 0 0 0 0 0 0 0 30 32 17 54 33 56 38 37 26 11 31 0 61 17 42 21 19 55 52 0 19 34 0 23 14 47 45 60 18 29 35 56 16 48 16 28 
0 0 0 0 0 0 0 0 0 0 0 20 0 0 0 0 0 0 0 29 0 0 0 0 0 0 0 24 18 19 9 32 37 32 57 45 56 52 27 12 54 61 59 57 53 7 37 29 25 0 7 26 0 4 59 52 22 37 52 15 40 18 19 
0 0 0 0 0 0 0 0 0 0 0 16 0 0 0 0 0 0 0 0 43 0 0 0 0 0 0 6 31 41 36 22 30 50 41 35 10 46 0 61 39 55 49 0 55 39 61 61 2 33 2 55 0 0 3 8 1 63 52 3 31 20 24 
0 0 0 0 0 0 0 0 0 0 0 22 0 0 0 0 0 0 0 0 0 40 0 0 0 0 0 3 27 8 41 8 53 57 63 58 52 52 27 56 20 21 29 18 2 52 20 44 6 60 5 5 30 45 42 16 29 30 0 18 45 29 29 
0 0 0 0 0 0 0 0 0 0 0 38 0 0 0 0 0 0 0 0 0 0 48 0 0 0 0 26 27 51 32 54 47 34 46 25 4 8 27 49 17 8 20 63 2 39 14 30 52 60 32 4 0 41 38 45 50 36 56 33 2 63 45 
0 0 0 0 0 0 0 0 0 0 0 7 0 0 0 0 0 0 0 0 0 0 0 12 0 0 0 15 62 25 11 53 33 44 13 61 0 8 0 35 24 26 21 25 53 59 54 62 16 33 29 39 0 0 42 28 8 60 52 32 6 53 49 
0 0 0 0 0 0 0 0 0 0 0 41 0 0 0 0 0 0 0 0 0 0 0 0 55 0 0 37 53 33 49 40 57 23 9 8 9 45 0 19 55 62 48 25 53 34 6 6 12 33 57 44 49 45 54 18 54 37 12 2 0 10 55 
0 0 0 0 0 0 0 0 0 0 0 7 0 0 0 0 0 0 0 0 0 0 0 0 0 32 0 58 61 38 36 48 58 30 45 47 11 20 38 8 11 4 63 31 55 31 19 58 55 0 32 62 0 4 14 58 39 55 0 44 12 29 1 
0 0 0 0 0 0 0 0 0 0 0 1 0 0 0 0 0 0 0 0 0 0 0 0 0 0 35 41 58 29 20 36 1 36 59 31 37 30 38 34 37 58 40 46 55 58 45 39 55 0 38 59 30 4 3 10 60 1 52 4 2 38 0 
0 0 0 0 0 0 0 0 0 0 0 0 60 43 0 0 0 0 0 0 0 0 0 0 0 0 0 25 17 62 57 44 47 7 0 2 52 3 41 25 42 22 55 35 26 50 9 10 11 60 30 42 39 21 29 50 19 41 58 0 14 13 17 
0 0 0 0 0 0 0 0 0 0 0 0 4 0 28 0 0 0 0 0 0 0 0 0 0 0 0 11 17 48 55 6 47 11 0 55 5 45 61 16 61 28 59 42 59 40 7 29 9 36 0 0 55 58 33 54 17 37 22 0 55 0 21 
0 0 0 0 0 0 0 0 0 0 0 0 54 0 0 40 0 0 0 0 0 0 0 0 0 0 0 14 17 28 2 37 47 11 0 55 7 24 2 19 23 14 29 9 26 8 34 1 39 58 30 35 45 46 0 33 2 52 26 30 34 3 26 
0 0 0 0 0 0 0 0 0 0 0 0 19 0 0 0 35 0 0 0 0 0 0 0 0 0 0 36 0 13 2 27 30 13 0 55 47 47 20 39 9 24 48 0 33 10 17 4 4 42 47 42 32 25 33 55 46 34 39 49 21 14 23 
0 0 0 0 0 0 0 0 0 0 0 0 62 0 0 0 0 24 0 0 0 0 0 0 0 0 0 55 8 61 42 8 47 1 42 2 28 12 23 19 35 50 18 0 6 58 24 29 48 35 0 0 21 50 0 37 51 7 32 49 38 13 53 
0 0 0 0 0 0 0 0 0 0 0 0 0 0 0 0 0 0 18 0 0 0 0 0 0 0 0 10 17 7 44 33 49 2 9 2 31 12 35 54 1 17 37 9 43 11 0 63 50 46 30 42 5 8 0 0 40 42 20 49 55 14 45 
0 0 0 0 0 0 0 0 0 0 0 0 47 0 0 0 0 0 0 47 0 0 0 0 0 0 0 42 25 63 35 27 30 42 42 2 59 24 40 12 54 54 15 9 9 43 11 1 19 21 47 9 31 54 33 27 60 63 21 47 22 13 20 
0 0 0 0 0 0 0 0 0 0 0 0 52 0 0 0 0 0 0 0 39 0 0 0 0 0 0 33 17 11 32 53 47 50 9 2 36 61 37 61 21 2 47 42 40 39 56 27 19 49 0 42 54 62 60 3 46 26 32 30 20 14 51 
0 0 0 0 0 0 0 0 0 0 0 0 0 0 0 0 0 0 0 0 0 30 0 0 0 0 0 55 25 47 13 37 0 51 9 2 58 11 63 39 20 18 49 0 24 11 21 53 28 60 30 9 40 11 29 48 55 38 12 49 19 13 15 
0 0 0 0 0 0 0 0 0 0 0 0 53 0 0 0 0 0 0 0 0 0 19 0 0 0 0 38 0 23 39 46 49 34 9 0 31 8 56 58 17 17 31 9 3 39 13 49 12 16 49 9 13 27 0 1 34 39 56 30 48 13 49 
0 0 0 0 0 0 0 0 0 0 0 0 53 0 0 0 0 0 0 0 0 0 0 0 0 0 0 3 17 17 20 2 47 2 0 0 57 27 36 55 42 22 37 0 4 4 39 13 31 44 30 0 20 19 33 31 6 62 62 30 28 14 28 
0 0 0 0 0 0 0 0 0 0 0 0 25 0 0 0 0 0 0 0 0 0 0 0 20 0 0 49 17 18 12 62 49 51 35 2 42 45 17 7 21 40 22 35 11 29 45 60 30 0 49 35 63 9 29 23 4 54 7 49 0 13 45 
0 0 0 0 0 0 0 0 0 0 0 0 10 0 0 0 0 0 0 0 0 0 0 0 0 57 0 59 0 4 32 8 0 20 9 55 16 43 11 23 41 41 47 42 59 51 29 59 36 52 49 35 0 20 60 1 12 11 59 30 42 14 58 
0 0 0 0 0 0 0 0 0 0 0 0 1 0 0 0 0 0 0 0 0 0 0 0 0 0 2 62 0 5 60 43 47 46 0 53 35 50 10 41 23 1 48 35 58 58 26 58 36 1 47 0 41 21 33 33 53 59 56 47 34 14 0 
0 0 0 0 0 0 0 0 0 0 0 0 0 51 34 0 0 0 0 0 0 0 0 0 0 0 0 6 63 0 1 28 55 43 0 28 5 32 15 17 9 50 55 38 26 50 13 57 42 15 34 52 48 36 40 54 17 37 44 0 53 31 45 
0 0 0 0 0 0 0 0 0 0 0 0 0 51 0 16 0 0 0 0 0 0 0 0 0 0 0 20 17 0 52 21 22 11 0 19 51 21 49 0 42 37 55 43 28 16 24 47 52 32 17 36 10 31 29 49 17 25 26 47 19 63 5 
0 0 0 0 0 0 0 0 0 0 0 0 0 37 0 0 55 0 0 0 0 0 0 0 0 0 0 55 32 40 2 61 10 10 0 3 23 47 34 25 42 37 53 0 28 34 25 42 61 2 28 23 0 45 37 39 17 34 39 30 37 21 26 
0 0 0 0 0 0 0 0 0 0 0 0 0 60 0 0 0 3 0 0 0 0 0 0 0 0 0 19 37 40 19 46 18 6 45 47 28 2 1 8 0 16 55 23 6 50 51 57 37 40 44 36 21 32 51 37 12 7 26 30 62 17 19 
0 0 0 0 0 0 0 0 0 0 0 0 0 42 0 0 0 0 59 0 0 0 0 0 0 0 0 53 58 22 35 3 7 34 41 56 31 15 9 17 9 15 0 39 28 34 0 63 16 10 4 49 37 4 60 34 23 46 21 30 56 44 56 
0 0 0 0 0 0 0 0 0 0 0 0 0 56 0 0 0 0 0 31 0 0 0 0 0 0 0 43 20 0 35 2 47 13 45 15 55 22 63 0 0 7 2 4 6 16 60 37 51 48 43 62 31 9 9 57 3 18 46 49 40 42 14 
0 0 0 0 0 0 0 0 0 0 0 0 0 51 0 0 0 0 0 0 27 0 0 0 0 0 0 45 5 22 25 36 37 50 41 1 36 62 21 0 35 53 0 31 28 0 23 27 39 3 2 7 54 40 19 19 17 51 27 47 31 1 1 
0 0 0 0 0 0 0 0 0 0 0 0 0 4 0 0 0 0 0 0 0 3 0 0 0 0 0 27 29 62 59 42 2 20 41 24 2 6 58 25 0 63 53 23 26 34 19 27 26 60 22 53 15 10 8 32 36 15 12 30 60 19 49 
0 0 0 0 0 0 0 0 0 0 0 0 0 0 0 0 0 0 0 0 0 0 30 0 0 0 0 2 27 22 39 38 21 34 41 25 39 8 29 17 0 25 0 24 26 0 3 49 56 3 31 15 13 24 38 51 34 14 57 47 27 3 54 
0 0 0 0 0 0 0 0 0 0 0 0 0 11 0 0 0 0 0 0 0 0 0 7 0 0 0 23 36 0 20 53 9 5 0 61 13 24 46 8 35 0 0 8 6 34 3 7 0 34 14 7 20 44 24 45 42 58 5 47 6 28 14 
0 0 0 0 0 0 0 0 0 0 0 0 0 54 0 0 0 0 0 0 0 0 0 0 41 0 0 22 47 22 3 40 61 19 4 42 42 45 25 8 42 22 55 28 6 34 46 18 36 29 6 3 56 63 20 23 23 50 61 30 0 1 48 
0 0 0 0 0 0 0 0 0 0 0 0 0 52 0 0 0 0 0 0 0 0 0 0 0 21 0 58 61 40 25 2 59 51 41 63 28 38 27 25 42 45 55 11 28 16 11 59 37 12 31 6 0 59 30 1 31 34 59 47 4 34 59 
0 0 0 0 0 0 0 0 0 0 0 0 0 1 0 0 0 0 0 0 0 0 0 0 0 0 16 49 58 40 51 52 46 9 0 45 27 60 32 17 35 59 2 30 28 0 37 30 37 59 10 1 14 0 49 19 10 59 3 49 19 35 0 
0 0 0 0 0 0 0 0 0 0 0 0 0 0 48 14 0 0 0 0 0 0 0 0 0 0 0 5 46 0 2 0 33 20 0 57 5 2 25 63 47 5 38 40 27 30 21 7 35 49 34 12 30 30 33 57 17 21 26 38 53 20 44 
0 0 0 0 0 0 0 0 0 0 0 0 0 0 25 0 16 0 0 0 0 0 0 0 0 0 0 47 32 37 55 0 63 5 0 11 23 30 41 23 30 55 49 0 32 52 25 21 35 3 50 52 37 42 3 57 8 0 39 61 0 11 55 
0 0 0 0 0 0 0 0 0 0 0 0 0 0 39 0 0 47 0 0 0 0 0 0 0 0 0 35 9 37 62 28 37 49 58 2 0 48 12 29 42 34 41 18 60 18 51 0 0 32 0 0 37 35 43 0 8 0 54 61 53 31 23 
0 0 0 0 0 0 0 0 0 0 0 0 0 0 60 0 0 0 53 0 0 0 0 0 0 0 0 30 5 21 17 28 5 35 59 16 0 25 35 61 33 20 37 28 42 53 0 19 0 36 34 52 21 35 29 15 8 48 42 61 2 11 60 
0 0 0 0 0 0 0 0 0 0 0 0 0 0 29 0 0 0 0 12 0 0 0 0 0 0 0 53 7 0 42 28 26 22 58 37 18 47 21 52 15 21 53 54 51 61 63 26 42 37 50 56 11 14 60 15 8 21 61 27 0 31 10 
0 0 0 0 0 0 0 0 0 0 0 0 0 0 34 0 0 0 0 0 38 0 0 0 0 0 0 53 58 21 16 26 18 34 59 38 0 54 37 27 3 55 47 54 41 39 20 61 9 1 0 52 15 22 18 57 8 37 8 38 0 11 40 
0 0 0 0 0 0 0 0 0 0 0 0 0 0 30 0 0 0 0 0 0 21 0 0 0 0 0 60 14 48 59 28 2 7 59 55 23 61 2 23 31 3 48 18 35 53 16 11 0 43 34 56 9 46 57 57 17 37 12 61 53 31 28 
0 0 0 0 0 0 0 0 0 0 0 0 0 0 46 0 0 0 0 0 0 0 51 0 0 0 0 45 27 21 7 6 23 16 59 17 23 25 5 9 8 8 31 48 56 39 3 30 0 56 16 56 14 29 27 54 0 37 6 38 55 31 31 
0 0 0 0 0 0 0 0 0 0 0 0 0 0 0 0 0 0 0 0 0 0 0 49 0 0 0 8 27 0 31 0 62 60 0 27 5 11 36 23 47 50 37 25 62 58 0 30 35 61 34 0 31 63 37 54 25 48 22 38 0 11 35 
0 0 0 0 0 0 0 0 0 0 0 0 0 0 13 0 0 0 0 0 0 0 0 0 22 0 0 46 16 21 54 0 63 12 1 21 0 41 17 2 24 62 45 32 49 35 35 33 9 46 16 12 25 25 35 0 17 48 17 61 0 31 25 
0 0 0 0 0 0 0 0 0 0 0 0 0 0 42 0 0 0 0 0 0 0 0 0 0 5 0 59 61 37 16 26 59 0 59 42 18 26 16 2 57 4 20 41 58 37 6 58 9 56 16 12 0 30 17 0 17 37 59 38 2 11 59 
0 0 0 0 0 0 0 0 0 0 0 0 0 0 1 0 0 0 0 0 0 0 0 0 0 0 63 53 58 37 35 6 25 59 0 51 23 38 17 54 52 58 10 23 59 58 38 32 9 58 50 0 51 36 8 54 8 0 16 27 53 11 0 
0 0 0 0 0 0 0 0 0 0 0 0 0 0 0 29 63 0 0 0 0 0 0 0 0 0 0 42 32 26 55 0 34 11 0 50 15 30 29 19 30 37 12 0 1 61 25 23 42 50 5 33 36 61 33 62 25 50 0 50 37 28 25 
0 0 0 0 0 0 0 0 0 0 0 0 0 0 0 15 0 28 0 0 0 0 0 0 0 0 0 52 45 26 11 21 4 11 42 13 28 7 37 44 35 34 15 5 28 9 51 7 21 17 44 46 21 56 0 21 4 39 26 12 45 38 45 
0 0 0 0 0 0 0 0 0 0 0 0 0 0 0 13 0 0 34 0 0 0 0 0 0 0 0 9 43 6 38 21 57 20 9 31 31 44 42 63 19 6 37 56 47 6 0 44 34 36 21 58 1 38 0 29 31 27 6 58 7 19 30 
0 0 0 0 0 0 0 0 0 0 0 0 0 0 0 13 0 0 0 58 0 0 0 0 0 0 0 39 13 0 42 21 7 31 42 42 28 24 60 0 54 2 46 49 37 9 15 1 31 37 50 34 31 60 33 32 11 31 28 6 40 28 17 
0 0 0 0 0 0 0 0 0 0 0 0 0 0 0 42 0 0 0 0 0 0 0 0 0 0 0 34 20 6 37 48 51 0 9 41 36 3 48 0 16 55 47 39 34 32 36 38 24 46 2 3 54 62 60 50 25 50 28 32 31 23 45 
0 0 0 0 0 0 0 0 0 0 0 0 0 0 0 9 0 0 0 0 0 33 0 0 0 0 0 57 4 28 57 21 2 31 9 56 26 63 46 19 20 6 13 5 49 6 32 56 6 26 7 61 5 37 29 25 53 47 0 56 47 19 42 
0 0 0 0 0 0 0 0 0 0 0 0 0 0 0 63 0 0 0 0 0 0 63 0 0 0 0 40 27 6 7 37 43 0 9 17 63 25 14 63 17 8 31 43 23 32 3 47 52 9 23 60 13 63 0 26 34 20 6 2 55 49 24 
0 0 0 0 0 0 0 0 0 0 0 0 0 0 0 26 0 0 0 0 0 0 0 47 0 0 0 13 53 0 31 0 31 11 0 27 62 62 10 44 47 37 37 17 43 48 48 15 12 18 31 39 20 19 33 53 51 16 28 3 6 54 6 
0 0 0 0 0 0 0 0 0 0 0 0 0 0 0 51 0 0 0 0 0 0 0 0 52 0 0 60 62 6 1 0 3 20 35 26 42 41 8 44 2 62 11 49 18 56 54 27 22 1 14 32 22 39 29 5 6 1 26 40 0 4 2 
0 0 0 0 0 0 0 0 0 0 0 0 0 0 0 39 0 0 0 0 0 0 0 0 0 24 0 59 61 26 37 48 59 31 9 19 55 24 35 19 62 4 50 44 29 58 19 1 45 56 23 50 0 30 60 59 14 43 0 15 59 30 1 
0 0 0 0 0 0 0 0 0 0 0 0 0 0 0 1 0 0 0 0 0 0 0 0 0 0 15 48 58 26 20 37 56 31 0 5 3 17 25 63 18 58 17 4 39 1 22 0 45 58 19 59 4 31 33 29 2 58 28 13 0 37 0 
0 0 0 0 0 0 0 0 0 0 0 0 0 0 0 0 14 49 0 0 0 0 0 0 0 0 0 61 39 37 2 61 15 12 43 29 6 49 8 51 35 50 53 0 38 49 0 21 21 35 63 36 48 42 43 21 60 0 39 22 37 29 21 
0 0 0 0 0 0 0 0 0 0 0 0 0 0 0 0 48 0 11 0 0 0 0 0 0 0 0 0 32 41 53 61 4 12 51 15 11 47 35 49 34 9 48 0 46 58 0 44 34 36 53 38 21 0 29 53 26 16 32 25 48 54 62 
0 0 0 0 0 0 0 0 0 0 0 0 0 0 0 0 50 0 0 54 0 0 0 0 0 0 0 4 7 19 0 61 48 41 43 58 48 49 60 12 54 5 28 0 31 23 8 19 22 37 2 44 20 7 63 8 5 50 7 10 0 28 8 
0 0 0 0 0 0 0 0 0 0 0 0 0 0 0 0 6 0 0 0 59 0 0 0 0 0 0 43 32 17 2 38 58 50 51 57 10 47 37 61 63 2 30 0 35 7 8 38 59 12 53 16 57 22 28 12 0 34 7 21 0 31 29 
0 0 0 0 0 0 0 0 0 0 0 0 0 0 0 0 49 0 0 0 0 51 0 0 0 0 0 19 7 60 55 61 55 48 51 40 37 30 43 0 20 57 58 0 10 58 8 47 6 40 34 39 54 13 52 39 27 34 0 46 37 42 43 
0 0 0 0 0 0 0 0 0 0 0 0 0 0 0 0 57 0 0 0 0 0 16 0 0 0 0 2 0 11 0 27 1 34 51 17 21 0 44 61 17 17 11 0 44 7 0 47 52 59 18 29 3 55 27 12 16 34 32 5 21 24 42 
0 0 0 0 0 0 0 0 0 0 0 0 0 0 0 0 25 0 0 0 0 0 0 30 0 0 0 39 32 25 0 0 41 15 0 27 25 47 36 23 0 37 48 0 17 3 8 10 38 48 17 7 11 63 38 35 16 16 7 63 0 35 20 
0 0 0 0 0 0 0 0 0 0 0 0 0 0 0 0 14 0 0 0 0 0 0 0 60 0 0 31 32 25 53 0 63 61 24 10 9 0 17 39 28 40 24 0 40 18 25 12 53 35 26 6 52 58 46 5 3 16 39 28 0 47 44 
0 0 0 0 0 0 0 0 0 0 0 0 0 0 0 0 9 0 0 0 0 0 0 0 0 60 0 59 0 42 2 38 1 23 51 33 3 30 20 48 32 41 46 0 28 60 25 1 14 56 18 3 0 23 31 59 26 34 0 11 48 53 59 
0 0 0 0 0 0 0 0 0 0 0 0 0 0 0 0 1 0 0 0 0 0 0 0 0 0 11 26 0 17 53 27 46 45 0 39 52 49 21 46 61 1 48 0 38 59 8 18 14 58 62 1 13 45 11 11 38 0 7 30 37 15 0 
0 0 0 0 0 0 0 0 0 0 0 0 0 0 0 0 0 33 39 0 0 0 0 0 0 0 0 27 30 60 15 45 16 56 7 23 0 52 42 6 42 50 37 5 2 48 0 19 0 36 44 36 48 35 0 48 38 32 19 15 46 36 24 
0 0 0 0 0 0 0 0 0 0 0 0 0 0 0 0 0 32 0 30 0 0 0 0 0 0 0 11 10 19 35 44 42 17 11 32 26 11 41 56 0 16 24 5 54 42 43 26 37 37 63 10 0 41 43 48 57 39 50 34 40 59 33 
0 0 0 0 0 0 0 0 0 0 0 0 0 0 0 0 0 50 0 0 50 0 0 0 0 0 0 40 50 4 10 46 55 50 11 46 0 42 48 38 9 0 47 18 12 39 43 61 48 38 0 36 0 40 24 21 60 7 7 43 31 9 4 
0 0 0 0 0 0 0 0 0 0 0 0 0 0 0 0 0 35 0 0 0 2 0 0 0 0 0 2 41 12 4 4 2 8 29 55 6 43 59 51 0 34 52 0 53 48 43 11 0 11 44 10 21 45 51 21 6 7 12 56 2 2 13 
0 0 0 0 0 0 0 0 0 0 0 0 0 0 0 0 0 17 0 0 0 0 36 0 0 0 0 10 38 30 39 2 2 34 12 25 6 17 27 62 0 0 31 5 8 39 0 30 0 24 19 10 0 31 0 37 16 7 63 59 51 18 6 
0 0 0 0 0 0 0 0 0 0 0 0 0 0 0 0 0 6 0 0 0 0 0 9 0 0 0 58 47 25 20 53 27 3 13 61 28 49 10 46 9 16 37 0 53 63 43 30 21 26 44 0 0 44 43 37 49 32 25 1 6 20 30 
0 0 0 0 0 0 0 0 0 0 0 0 0 0 0 0 0 41 0 0 0 0 0 0 43 0 0 45 59 12 47 40 42 9 25 5 0 4 8 11 35 0 4 23 3 38 51 33 48 9 19 46 37 24 51 0 30 32 39 10 0 16 26 
0 0 0 0 0 0 0 0 0 0 0 0 0 0 0 0 0 26 0 0 0 0 0 0 0 27 0 1 27 15 10 8 59 47 15 33 26 44 6 22 35 0 61 18 32 50 51 58 48 56 19 46 0 27 24 0 7 7 59 53 18 42 58 
0 0 0 0 0 0 0 0 0 0 0 0 0 0 0 0 0 1 0 0 0 0 0 0 0 0 24 33 59 52 31 16 60 21 59 28 6 40 60 18 9 0 39 23 27 58 43 32 48 58 63 0 21 32 43 37 26 0 31 54 45 43 0 
0 0 0 0 0 0 0 0 0 0 0 0 0 0 0 0 0 0 54 43 0 0 0 0 0 0 0 45 21 44 9 1 17 60 19 55 20 32 35 52 15 47 21 9 59 44 0 19 16 0 2 17 20 39 29 38 31 15 47 27 62 37 57 
0 0 0 0 0 0 0 0 0 0 0 0 0 0 0 0 0 0 49 0 18 0 0 0 0 0 0 51 63 52 43 42 18 34 52 57 0 49 0 27 30 2 0 19 13 7 0 0 50 10 2 54 57 62 33 13 26 54 24 29 11 41 55 
0 0 0 0 0 0 0 0 0 0 0 0 0 0 0 0 0 0 36 0 0 30 0 0 0 0 0 63 28 25 16 41 53 45 28 32 11 63 35 49 31 26 48 5 0 0 0 44 0 36 18 26 19 3 60 21 29 23 56 55 25 19 38 
0 0 0 0 0 0 0 0 0 0 0 0 0 0 0 0 0 0 41 0 0 0 61 0 0 0 0 55 27 50 32 43 23 16 20 25 11 8 35 52 8 17 0 19 38 7 0 0 0 36 50 32 3 2 0 58 16 45 63 13 18 33 53 
0 0 0 0 0 0 0 0 0 0 0 0 0 0 0 0 0 0 16 0 0 0 0 40 0 0 0 7 30 8 11 53 45 53 14 61 31 23 0 12 50 15 0 17 53 57 0 63 34 10 10 7 11 19 29 11 12 31 55 55 26 21 53 
0 0 0 0 0 0 0 0 0 0 0 0 0 0 0 0 0 0 33 0 0 0 0 0 45 0 0 11 21 37 7 40 1 47 54 18 0 45 0 25 36 40 37 61 12 40 0 44 50 10 43 29 4 1 60 18 5 6 51 5 0 22 41 
0 0 0 0 0 0 0 0 0 0 0 0 0 0 0 0 0 0 53 0 0 0 0 0 0 48 0 1 61 10 43 12 58 42 25 51 20 31 42 36 5 41 37 24 50 7 0 0 50 0 50 24 0 5 33 58 28 62 58 3 33 3 58 
0 0 0 0 0 0 0 0 0 0 0 0 0 0 0 0 0 0 1 0 0 0 0 0 0 0 63 28 58 48 34 57 13 17 1 25 11 10 42 11 41 1 21 8 8 59 0 19 50 0 35 1 40 4 29 29 60 1 43 15 7 57 0 
0 0 0 0 0 0 0 0 0 0 0 0 0 0 0 0 0 0 0 32 24 0 0 0 0 0 0 53 6 44 35 17 31 16 31 14 46 62 37 0 57 53 49 57 53 32 24 61 63 48 53 30 0 40 15 48 5 57 2 1 0 8 56 
0 0 0 0 0 0 0 0 0 0 0 0 0 0 0 0 0 0 0 12 0 20 0 0 0 0 0 40 42 63 42 40 55 8 9 23 0 52 23 12 0 24 39 5 58 44 49 13 26 37 21 20 31 41 24 40 9 36 52 46 40 57 16 
0 0 0 0 0 0 0 0 0 0 0 0 0 0 0 0 0 0 0 46 0 0 53 0 0 0 0 49 61 44 0 17 20 50 24 25 21 17 16 52 0 25 20 26 7 32 14 30 56 37 39 47 0 50 27 33 16 31 60 51 22 41 58 
0 0 0 0 0 0 0 0 0 0 0 0 0 0 0 0 0 0 0 56 0 0 0 52 0 0 0 36 58 0 0 53 12 31 13 61 52 37 36 56 57 7 21 17 3 26 19 2 43 48 38 32 0 44 25 16 7 4 51 8 0 21 3 
0 0 0 0 0 0 0 0 0 0 0 0 0 0 0 0 0 0 0 40 0 0 0 0 3 0 0 61 37 44 9 40 42 34 6 37 35 4 17 56 54 22 49 30 53 18 54 39 60 48 47 37 11 28 2 18 17 21 53 12 0 43 38 
0 0 0 0 0 0 0 0 0 0 0 0 0 0 0 0 0 0 0 30 0 0 0 0 0 57 0 58 38 19 35 55 1 40 27 6 24 51 53 12 54 45 62 50 25 51 35 58 61 0 39 50 0 50 12 58 8 32 1 48 62 43 58 
0 0 0 0 0 0 0 0 0 0 0 0 0 0 0 0 0 0 0 1 0 0 0 0 0 0 32 2 1 19 9 3 11 41 59 27 8 35 52 52 57 59 19 43 34 1 8 58 61 0 60 58 31 9 52 6 35 58 41 31 40 42 0 
0 0 0 0 0 0 0 0 0 0 0 0 0 0 0 0 0 0 0 0 17 3 0 0 0 0 0 20 15 21 42 7 2 16 40 25 10 16 37 61 11 55 30 18 3 7 41 38 28 50 2 21 54 62 10 43 27 60 52 31 31 62 46 
0 0 0 0 0 0 0 0 0 0 0 0 0 0 0 0 0 0 0 0 12 0 2 0 0 0 0 28 27 6 39 17 0 0 32 25 10 8 37 27 25 0 0 63 37 0 14 0 12 13 55 47 0 22 61 56 16 61 11 34 20 12 53 
0 0 0 0 0 0 0 0 0 0 0 0 0 0 0 0 0 0 0 0 1 0 0 0 0 0 0 44 33 8 20 55 44 50 14 61 36 38 0 38 19 53 0 25 59 7 11 27 32 33 2 7 0 0 7 23 16 34 49 35 0 60 2 
0 0 0 0 0 0 0 0 0 0 0 0 0 0 0 0 0 0 0 0 20 0 0 0 46 0 0 19 42 17 11 22 40 34 14 43 0 45 0 38 37 0 47 25 2 7 29 38 13 30 55 36 15 62 12 5 3 42 0 15 0 59 47 
0 0 0 0 0 0 0 0 0 0 0 0 0 0 0 0 0 0 0 0 18 0 0 0 0 7 0 1 61 50 0 27 59 16 45 5 46 48 48 61 56 0 47 31 63 32 8 0 55 12 55 33 0 40 14 59 26 17 1 47 11 42 1 
0 0 0 0 0 0 0 0 0 0 0 0 0 0 0 0 0 0 0 0 1 0 0 0 0 0 1 55 58 8 59 6 11 16 1 22 10 20 48 27 53 0 49 46 5 0 16 61 55 59 53 1 54 40 3 63 38 59 43 10 31 16 0 
0 0 0 0 0 0 0 0 0 0 0 0 0 0 0 0 0 0 0 0 0 58 4 0 0 0 0 17 61 9 7 47 53 50 8 25 48 25 7 61 0 8 11 5 27 7 14 47 0 19 55 59 13 15 38 11 34 1 56 15 6 16 25 
0 0 0 0 0 0 0 0 0 0 0 0 0 0 0 0 0 0 0 0 0 46 0 6 0 0 0 52 51 17 31 53 2 6 14 61 12 45 36 23 11 63 48 0 55 57 34 59 6 14 24 32 20 19 9 36 4 3 52 53 6 35 63 
0 0 0 0 0 0 0 0 0 0 0 0 0 0 0 0 0 0 0 0 0 52 0 0 12 0 0 51 44 12 55 40 53 51 48 50 9 41 17 39 20 62 25 23 56 40 25 35 28 29 46 58 1 2 28 5 51 11 12 50 0 18 31 
0 0 0 0 0 0 0 0 0 0 0 0 0 0 0 0 0 0 0 0 0 62 0 0 0 49 0 59 38 53 42 33 0 32 5 20 51 39 39 48 20 4 47 18 16 7 12 1 28 56 55 45 0 11 7 59 59 45 0 1 37 29 59 
0 0 0 0 0 0 0 0 0 0 0 0 0 0 0 0 0 0 0 0 0 1 0 0 0 0 3 9 1 52 34 61 2 33 1 30 17 61 38 46 11 58 11 23 17 59 57 12 28 58 52 58 1 10 32 12 0 59 52 58 47 28 0 
0 0 0 0 0 0 0 0 0 0 0 0 0 0 0 0 0 0 0 0 0 0 53 8 0 0 0 37 27 8 0 2 63 34 14 0 41 8 36 52 25 25 0 17 10 7 14 49 52 49 28 32 0 63 27 30 50 57 36 1 28 17 53 
0 0 0 0 0 0 0 0 0 0 0 0 0 0 0 0 0 0 0 0 0 0 26 0 32 0 0 42 27 23 32 62 22 16 41 25 9 0 17 33 17 0 31 2 5 7 3 47 12 34 17 59 14 56 38 23 34 49 31 31 0 2 26 
0 0 0 0 0 0 0 0 0 0 0 0 0 0 0 0 0 0 0 0 0 0 44 0 0 51 0 59 0 40 39 44 58 50 13 17 38 25 7 40 17 0 31 52 54 32 3 0 12 56 0 44 0 34 61 1 34 44 58 13 15 47 1 
0 0 0 0 0 0 0 0 0 0 0 0 0 0 0 0 0 0 0 0 0 0 1 0 0 0 48 24 0 18 32 5 31 50 1 8 33 17 6 63 25 0 20 55 55 0 14 30 12 58 58 58 13 24 27 32 16 59 56 56 55 46 0 
0 0 0 0 0 0 0 0 0 0 0 0 0 0 0 0 0 0 0 0 0 0 0 6 62 0 0 63 11 8 11 0 23 4 3 61 42 45 0 37 26 22 37 8 54 17 9 50 46 63 5 39 31 19 19 23 47 25 30 37 0 38 51 
0 0 0 0 0 0 0 0 0 0 0 0 0 0 0 0 0 0 0 0 0 0 0 31 0 25 0 59 61 25 20 55 59 33 14 27 31 13 10 50 7 45 37 25 23 49 28 59 21 12 28 39 0 44 4 1 62 42 1 12 26 22 59 
0 0 0 0 0 0 0 0 0 0 0 0 0 0 0 0 0 0 0 0 0 0 0 1 0 0 61 61 58 25 11 2 39 27 0 38 21 15 10 24 38 59 21 8 44 59 27 57 21 59 7 0 20 44 45 62 45 1 26 3 6 44 0 
0 0 0 0 0 0 0 0 0 0 0 0 0 0 0 0 0 0 0 0 0 0 0 0 17 24 0 58 61 58 11 22 58 52 39 54 35 41 8 2 60 0 57 13 46 57 37 1 58 12 17 18 0 62 1 0 8 34 59 17 0 24 1 
0 0 0 0 0 0 0 0 0 0 0 0 0 0 0 0 0 0 0 0 0 0 0 0 1 0 61 25 58 0 37 62 55 15 58 14 9 4 8 13 39 0 14 2 21 59 47 38 58 59 50 59 59 63 58 23 24 1 24 24 0 25 0 
0 0 0 0 0 0 0 0 0 0 0 0 0 0 0 0 0 0 0 0 0 0 0 0 0 1 1 59 0 59 59 59 59 1 1 58 59 58 58 59 58 0 1 58 58 1 58 58 0 0 58 59 0 59 0 1 1 59 1 59 59 58 0 
