GF64M1
27 47
63 6 54 10 43 20 3 29 19 38 31 63 10 45 8 5 46 7 60 57 39 22 49 45 49 19 22 36 35 11 9 23 22 60 2 17 32 55 22 44 53 44 58 57 2 18 32 
6 35 42 49 32 53 10 33 45 40 2 56 9 61 2 21 1 52 63 41 7 49 12 55 19 27 15 14 26 23 61 62 49 57 48 45 33 32 32 13 62 55 54 15 31 4 39 
35 30 26 20 34 59 58 41 60 8 33 63 18 47 7 31 62 28 49 27 21 24 57 51 17 44 37 54 2 34 38 17 62 20 56 45 52 31 11 22 26 59 63 24 18 24 7 
45 15 17 60 55 18 29 23 59 6 43 58 55 1 5 53 0 7 63 42 2 23 29 7 4 21 61 1 0 43 59 25 35 42 32 9 22 57 15 13 5 50 34 6 43 17 32 
10 23 8 53 26 5 3 11 15 17 41 15 8 22 62 22 38 27 48 62 45 16 33 58 62 38 33 1 58 33 41 58 16 35 39 46 19 0 38 44 35 42 44 4 32 43 32 
62 50 33 24 34 37 55 14 5 22 24 8 3 29 17 49 40 24 24 51 23 23 57 7 9 33 37 2 52 30 0 10 23 36 60 29 4 26 55 5 12 13 35 49 50 6 39 
34 52 43 6 28 61 10 8 51 3 56 21 28 55 59 42 18 38 35 24 11 47 48 17 20 11 0 42 27 30 37 50 27 58 47 54 36 55 54 48 34 51 24 6 50 34 32 
47 53 34 16 7 50 62 35 24 36 31 31 19 8 19 16 26 21 25 31 47 62 29 39 32 60 63 19 55 36 24 35 11 23 63 6 3 5 41 62 40 14 12 10 25 22 7 
57 33 61 59 55 8 4 33 20 34 62 59 49 34 61 59 47 23 7 12 57 38 47 14 6 55 54 32 10 26 34 25 58 32 61 5 25 22 35 41 59 53 49 5 24 3 39 
54 50 32 1 63 27 48 13 22 32 18 10 45 21 26 46 26 23 15 2 16 1 61 30 33 36 18 21 10 60 15 30 50 2 55 62 60 16 20 17 53 35 57 1 51 52 7 
53 43 54 63 52 28 12 19 52 2 4 63 2 56 46 52 11 19 5 55 33 1 39 17 1 61 20 45 55 44 34 15 19 43 31 58 34 39 53 11 47 41 51 55 16 19 39 
32 25 21 42 29 42 6 5 48 34 46 29 13 53 46 40 25 40 32 18 23 20 27 30 46 43 50 36 6 43 27 44 53 56 35 44 31 2 10 35 19 35 5 17 40 43 7 
55 53 34 19 39 57 38 16 14 18 2 3 23 26 2 10 10 45 62 13 40 33 31 58 30 28 9 9 10 47 40 27 56 22 26 49 63 28 62 13 52 25 38 31 33 45 32 
50 29 63 28 63 38 38 25 48 46 25 55 56 24 24 30 42 49 20 36 0 15 37 33 30 12 35 57 8 6 3 44 33 46 18 0 21 59 48 52 40 46 35 41 22 58 32 
38 8 27 27 27 32 32 56 13 47 9 7 10 53 12 25 2 19 14 59 59 41 13 10 61 56 17 56 17 36 42 36 36 4 8 61 29 19 60 28 23 39 3 55 29 26 32 
21 17 15 21 6 22 37 2 14 40 32 23 31 7 9 25 20 37 14 27 52 14 30 46 10 52 62 34 6 38 12 27 3 49 47 61 32 51 14 58 20 24 59 15 24 57 32 
5 13 17 15 9 62 4 44 31 51 42 30 45 56 44 57 0 13 39 13 0 13 61 62 12 16 61 40 40 36 42 41 39 52 41 24 59 63 47 46 10 61 44 20 29 43 32 
26 13 27 47 33 24 57 20 54 25 26 37 12 47 2 51 55 5 38 61 22 13 20 60 56 7 17 59 58 31 21 6 47 13 28 2 54 46 53 15 44 29 7 20 52 38 32 
45 46 7 60 39 53 57 47 60 55 17 59 18 27 52 27 44 39 41 62 0 62 60 37 48 8 59 25 52 51 58 41 41 16 15 42 35 20 48 0 37 56 19 45 47 46 0 
60 59 58 52 13 50 22 52 4 20 15 53 6 17 23 25 25 50 43 29 38 17 55 49 59 26 42 43 58 40 36 9 56 60 17 25 42 16 40 18 36 21 43 40 38 44 32 
1 60 49 18 29 32 18 10 45 39 22 47 51 62 52 5 10 40 36 4 3 21 36 0 57 35 0 48 5 9 40 2 0 0 30 0 63 52 24 57 40 14 49 62 9 30 0 
7 58 30 35 9 10 55 14 2 10 36 54 51 58 28 0 14 18 57 18 17 38 17 37 32 53 9 11 39 24 28 0 43 58 60 35 2 52 43 6 13 20 13 0 58 28 39 
58 22 24 5 50 45 62 61 51 37 32 34 50 43 39 35 25 56 53 51 23 41 1 4 59 11 52 53 36 30 21 63 59 15 60 1 17 21 36 31 43 50 50 7 29 25 7 
40 9 34 51 41 59 57 28 17 33 32 46 16 4 62 42 35 43 13 35 52 18 20 11 2 28 28 39 61 34 55 48 37 28 5 19 53 30 13 57 53 16 16 19 25 52 32 
15 2 38 58 4 59 31 36 6 3 58 40 62 11 23 31 39 44 2 37 4 45 61 21 29 2 6 61 29 4 52 17 42 63 6 29 51 48 2 22 20 43 42 15 25 7 32 
57 0 39 59 3 30 7 25 8 50 34 62 24 36 43 18 31 44 19 62 36 27 45 45 27 14 34 25 30 17 5 51 51 6 19 14 57 13 31 56 30 54 3 46 15 7 7 
24 31 18 3 8 8 27 19 32 59 33 18 49 34 46 21 42 26 26 2 49 32 53 30 36 43 8 11 22 41 38 58 6 2 43 0 43 57 11 57 7 43 38 31 3 45 32 
