GF64M1
27 63
0 16 23 26 48 7 4 13 8 36 50 30 42 21 57 12 62 47 20 20 46 34 23 51 20 41 28 5 10 29 25 9 1 53 38 2 15 16 11 49 49 15 18 28 23 34 24 51 24 11 10 56 15 28 19 52 19 3 4 34 18 16 58 
56 0 42 9 42 7 55 30 27 49 52 17 3 57 26 8 27 23 28 18 1 11 24 21 33 54 32 47 20 63 15 0 26 17 37 48 0 8 53 56 3 61 12 20 8 34 60 7 52 41 8 7 13 8 19 23 8 41 14 17 32 18 22 
6 46 0 2 35 40 34 58 42 40 3 39 16 17 0 55 62 62 45 50 45 4 45 42 5 62 30 11 39 51 16 43 60 26 33 54 60 59 47 29 50 34 52 52 1 57 20 41 25 44 22 1 58 46 44 50 43 19 54 25 25 23 39 
13 49 62 0 55 58 63 40 7 2 62 8 52 13 17 36 45 21 24 30 17 49 39 9 32 38 41 17 25 33 0 0 12 36 6 62 21 6 54 60 45 16 32 43 7 54 0 25 34 57 15 19 50 4 42 36 62 48 38 53 48 50 46 
36 8 10 40 0 17 0 20 8 12 35 7 23 55 23 57 31 58 17 9 28 54 50 19 1 55 32 60 48 11 18 45 31 20 38 8 6 3 11 35 22 37 35 59 12 62 5 13 1 8 24 40 0 25 11 52 7 9 61 41 43 1 13 
50 63 8 17 59 0 18 26 0 40 9 38 8 61 26 5 18 50 34 41 6 18 14 17 3 33 45 18 48 19 6 33 38 52 8 31 33 6 14 37 61 41 19 48 22 6 63 9 62 48 38 41 12 2 31 29 56 55 8 15 58 33 9 
42 38 10 10 1 63 0 31 19 35 49 45 24 63 51 30 26 17 41 24 5 62 14 1 37 58 32 24 24 29 37 10 17 44 22 11 30 24 32 32 43 50 31 2 16 56 28 44 53 51 28 24 50 63 47 42 22 22 17 47 33 40 27 
25 46 16 62 23 3 60 0 31 40 46 42 59 29 55 51 11 0 52 14 38 7 42 26 18 15 24 39 37 42 20 28 15 40 13 10 47 8 52 41 37 52 11 27 35 55 6 35 19 58 8 47 8 32 18 8 54 51 1 17 61 62 21 
42 39 30 60 26 21 35 39 0 52 23 35 7 57 3 32 17 45 60 57 22 24 34 55 15 55 1 34 53 47 30 51 52 12 3 23 38 19 50 44 50 16 2 8 49 2 4 0 49 10 27 48 37 39 44 47 12 8 4 9 3 28 46 
62 18 40 62 46 12 25 47 2 0 10 53 25 30 9 43 47 12 39 28 41 3 57 58 30 49 15 4 17 49 20 40 26 1 32 43 20 60 16 39 55 29 25 21 36 8 16 30 21 51 16 21 4 38 0 56 17 53 2 1 22 0 63 
51 52 43 43 11 49 43 27 38 23 0 56 61 43 43 18 60 52 47 24 41 58 55 47 43 39 42 34 47 27 33 35 18 10 60 6 56 0 44 41 60 55 24 54 59 19 4 58 28 62 41 9 44 36 42 38 27 6 63 23 43 13 26 
63 13 36 30 8 27 36 22 32 20 29 0 12 11 37 38 36 24 2 30 54 51 60 19 41 48 53 16 41 47 26 7 59 32 34 28 60 38 10 12 29 31 51 7 4 26 16 48 4 30 10 24 61 34 23 7 47 45 44 34 41 10 41 
57 34 11 37 9 27 50 39 24 41 18 47 0 54 31 51 53 15 8 38 37 27 9 0 28 62 4 24 14 25 49 57 27 39 2 41 55 12 32 16 17 51 60 2 1 57 20 1 39 0 61 55 16 33 47 49 45 28 63 27 12 18 34 
29 40 43 0 0 40 52 43 2 41 6 47 47 0 52 12 41 5 58 26 10 5 27 21 50 29 12 38 61 43 15 63 32 2 50 16 36 30 21 3 2 0 4 38 11 12 29 38 29 47 32 11 5 0 27 9 7 12 5 38 42 2 60 
58 28 46 54 45 46 25 9 41 57 52 41 16 57 0 23 12 38 45 19 36 29 57 61 24 17 42 4 52 60 55 11 13 58 58 54 8 10 14 22 19 52 7 17 59 33 10 21 55 32 12 44 15 7 13 40 3 60 12 36 4 26 14 
54 40 27 29 38 6 8 42 52 33 57 2 40 57 60 0 42 31 52 59 0 49 42 38 44 15 22 29 51 31 26 60 19 26 2 8 18 14 3 35 25 60 13 50 48 59 43 0 16 59 35 52 34 6 47 30 4 57 31 23 0 29 4 
54 15 63 54 3 39 35 46 29 23 63 13 9 33 14 30 0 61 6 40 58 57 12 27 47 47 6 31 21 3 4 36 32 34 57 48 63 27 60 32 36 60 60 0 10 47 13 25 18 55 51 18 23 50 26 6 36 12 21 61 60 40 35 
14 0 21 45 35 20 52 44 44 20 2 36 43 47 37 22 23 0 37 27 56 4 32 2 54 10 15 30 59 63 6 56 49 29 22 11 11 24 30 17 55 56 37 17 46 56 15 21 33 53 9 32 33 37 15 33 11 48 26 22 50 15 11 
9 20 8 19 18 42 16 6 0 1 15 9 0 55 47 18 60 49 0 54 8 27 46 51 34 60 42 20 60 29 12 40 23 13 14 3 28 32 53 28 34 62 29 13 13 21 0 35 12 39 2 54 43 34 49 30 47 24 54 62 48 22 50 
48 13 5 55 61 11 2 27 49 46 56 28 38 63 30 18 56 48 40 0 15 28 45 44 5 62 48 41 29 42 53 18 28 50 10 46 14 2 19 63 22 48 9 15 56 57 13 1 36 29 30 52 6 53 19 20 53 37 50 6 43 53 36 
8 51 57 34 34 43 33 25 19 24 25 12 44 57 52 55 20 56 61 48 0 5 4 0 39 21 1 45 53 14 1 11 28 12 34 43 39 6 33 36 41 4 61 7 8 48 52 36 4 61 41 30 22 43 23 42 36 3 54 39 6 52 38 
59 30 38 18 9 56 49 1 54 4 21 24 0 16 27 2 61 53 32 19 13 0 16 20 19 61 5 53 42 63 12 10 41 49 17 38 3 36 10 32 26 35 6 17 14 21 22 63 11 47 19 50 59 39 21 19 0 50 44 58 27 11 26 
30 41 61 37 38 49 2 35 22 23 35 36 45 0 39 42 62 13 50 39 19 59 0 3 48 57 60 54 46 17 37 25 6 56 18 13 30 14 31 35 3 13 28 4 4 48 18 38 63 12 1 9 23 54 46 48 12 9 63 19 45 7 11 
56 17 41 51 40 62 27 10 53 29 46 21 45 6 0 11 14 20 12 63 1 39 45 0 43 14 46 10 26 13 28 41 21 10 23 10 33 40 32 54 10 0 29 13 42 61 46 22 60 35 37 21 26 9 16 43 34 2 11 18 11 42 57 
35 30 24 6 58 25 12 37 38 34 60 50 14 40 18 57 23 50 49 51 28 44 11 20 0 15 46 13 0 0 60 24 45 22 37 18 53 50 13 23 48 51 23 45 60 62 61 10 1 0 12 17 1 35 1 25 15 12 15 54 0 3 0 
10 9 42 8 36 20 0 19 63 35 21 21 7 44 55 37 2 11 45 27 8 43 35 26 13 0 1 1 36 1 1 1 1 1 0 1 1 1 1 1 1 50 1 1 1 0 1 1 0 44 1 0 0 1 0 1 1 0 1 1 1 1 1 
1 1 1 1 1 1 1 1 1 1 1 1 1 1 1 1 1 1 1 1 1 1 1 1 1 1 0 0 1 0 0 0 0 0 1 0 0 0 0 0 0 1 0 0 0 1 0 0 0 1 0 1 0 0 0 0 0 1 0 0 0 0 0 
