GF64M1
103 28
1 1 1 0 0 0 0 1 1 0 1 0 1 0 0 1 0 1 0 1 1 0 1 1 1 1 1 0 
31 59 19 45 48 3 51 2 16 56 3 27 49 5 25 14 6 54 39 3 57 12 12 36 50 25 0 11 
26 58 9 34 60 5 57 4 12 63 5 10 61 17 14 23 20 40 37 5 62 19 19 32 56 14 0 6 
12 56 55 50 18 53 54 4 22 45 43 53 8 31 51 16 9 55 2 13 36 63 33 39 1 30 0 0 
11 59 2 52 47 17 62 16 19 42 17 7 46 13 23 25 28 51 33 17 43 9 9 48 63 23 0 20 
30 21 25 50 0 15 1 26 0 51 28 38 14 61 0 63 31 47 49 22 14 14 62 15 47 32 0 0 
19 63 41 56 8 45 40 16 24 34 54 45 3 26 57 12 2 41 4 18 32 42 49 37 1 27 0 0 
61 6 28 34 0 30 30 45 26 29 63 33 40 61 49 58 11 63 28 15 10 5 62 0 60 32 0 0 
6 58 4 44 38 13 43 12 9 55 13 21 39 18 25 14 31 57 49 13 54 2 2 60 42 25 0 28 
51 35 12 35 56 43 62 34 40 0 34 23 14 2 37 59 33 63 58 36 11 55 20 52 29 50 0 0 
27 29 14 56 0 22 1 11 0 57 31 36 23 46 0 42 26 38 61 24 23 23 43 22 38 48 0 0 
11 48 59 45 48 9 33 1 24 61 52 45 28 60 54 47 43 13 40 41 17 61 22 18 46 16 0 0 
9 42 50 63 3 34 51 12 15 52 40 34 5 11 62 19 4 50 16 8 48 55 61 33 1 10 0 0 
18 28 21 31 17 19 28 13 14 9 58 47 13 21 57 43 26 1 29 39 54 51 17 37 27 22 0 0 
46 20 31 52 0 27 27 34 11 30 42 49 51 46 61 59 6 42 31 22 7 17 43 0 47 48 0 0 
52 53 2 17 2 33 28 13 7 46 55 25 42 36 25 37 2 4 30 11 14 22 61 6 8 59 0 0 
20 59 16 35 36 18 54 19 2 41 18 29 37 8 14 23 26 62 61 18 40 4 4 47 55 14 0 31 
50 63 24 57 43 29 18 47 35 47 16 2 17 31 53 62 32 58 52 57 17 3 30 20 46 1 0 0 
57 53 19 53 63 54 43 52 51 0 52 25 23 4 33 58 49 42 59 32 6 41 28 44 30 56 0 0 
45 25 32 34 7 4 8 31 3 38 28 33 8 19 14 50 44 13 54 58 26 38 14 38 37 46 0 0 
10 30 23 63 0 24 1 6 0 62 26 32 25 39 0 55 11 36 46 15 25 25 54 24 36 60 0 0 
38 6 48 57 48 47 38 7 58 50 47 46 58 30 32 13 10 19 57 50 47 20 41 15 13 24 0 0 
6 60 58 34 60 2 49 1 15 46 44 34 31 47 40 38 54 18 51 50 13 46 24 8 39 12 0 0 
59 35 36 37 23 19 19 57 33 1 39 61 33 15 5 40 34 50 3 1 4 13 30 22 11 2 0 0 
2 55 56 42 5 52 57 19 22 44 51 52 17 6 43 9 16 56 12 3 60 41 46 49 1 7 0 0 
8 42 36 12 3 35 4 22 19 18 15 4 3 15 63 47 51 17 10 17 5 51 20 0 33 61 0 0 
8 31 29 26 13 9 31 18 23 2 59 38 18 29 62 54 11 1 30 37 40 57 13 33 10 24 0 0 
25 7 21 30 20 61 21 40 51 37 40 61 21 11 50 16 60 2 24 57 14 16 6 10 61 38 0 0 
39 28 26 44 0 10 10 52 6 27 55 61 57 39 46 58 20 55 26 24 21 13 54 0 38 60 0 0 
50 4 50 57 58 55 43 51 30 42 46 53 48 21 38 31 41 26 35 57 38 1 16 62 55 48 0 0 
44 45 4 13 4 49 31 18 21 39 41 14 55 32 14 33 4 16 27 6 23 24 46 20 3 58 0 0 
23 16 4 58 16 61 30 59 2 31 45 46 52 24 14 28 0 33 25 4 61 19 2 5 34 60 0 0 
28 58 12 53 32 8 40 9 4 50 8 30 33 3 23 25 11 43 46 8 51 16 16 38 41 23 0 26 
30 20 16 12 34 42 23 23 7 47 23 54 35 7 17 2 0 58 17 10 22 45 28 37 50 27 0 0 
56 42 15 62 54 30 8 38 53 38 12 4 13 26 45 43 48 59 44 62 13 5 27 28 39 1 0 0 
29 34 26 4 54 18 62 27 49 34 9 1 38 55 13 16 55 61 56 61 61 37 16 62 53 0 0 0 
62 45 9 45 42 40 54 44 57 0 44 14 25 16 49 59 61 55 58 48 20 50 31 35 27 63 0 0 
5 41 36 36 26 0 31 23 38 31 45 19 21 0 23 15 31 2 45 58 4 59 30 63 28 30 0 0 
34 14 48 52 21 16 3 26 5 36 31 49 3 9 23 56 35 18 40 59 11 36 23 36 33 39 0 0 
57 33 29 61 57 53 7 29 35 63 27 49 37 46 32 12 49 8 25 25 63 63 28 23 3 44 0 0 
7 27 25 42 0 15 1 20 0 43 11 48 14 37 0 41 6 32 39 22 14 14 40 15 32 47 0 0 
40 37 9 8 9 13 41 58 62 51 43 57 42 36 24 16 6 34 25 62 54 17 32 21 0 20 0 0 
36 20 60 62 60 38 36 21 59 56 38 39 59 27 48 18 7 9 62 56 38 28 50 22 18 15 0 0 
25 1 35 60 15 60 20 13 38 10 19 57 15 2 58 55 0 12 19 51 50 63 22 60 41 6 0 0 
20 47 59 52 47 4 61 1 22 39 35 52 26 38 51 36 40 8 57 56 18 39 15 3 37 19 0 0 
0 41 29 63 26 48 18 10 4 12 24 23 10 20 15 44 10 2 51 35 26 22 27 60 13 6 0 0 
58 53 32 33 25 9 9 62 49 1 37 46 49 22 17 51 52 56 5 1 16 18 27 24 6 4 0 0 
8 2 29 20 37 59 51 48 33 21 27 46 46 52 61 9 8 22 62 44 30 58 25 30 63 9 0 0 
4 41 63 55 17 44 62 9 24 35 57 44 13 20 54 2 12 63 19 5 47 50 39 61 1 21 0 0 
46 31 46 42 59 49 62 46 32 23 37 48 58 44 57 28 53 32 21 59 20 22 6 50 56 58 0 0 
3 55 32 19 5 53 16 24 9 8 22 16 5 22 42 38 57 13 7 13 17 57 28 0 49 46 0 0 
25 49 25 20 17 34 50 2 28 7 26 41 40 34 21 15 46 4 16 15 39 50 7 36 27 5 0 0 
3 26 30 11 18 2 26 8 25 4 58 36 8 30 43 40 6 1 27 33 51 62 18 49 7 15 0 0 
39 22 10 63 38 18 60 22 28 13 11 37 16 44 55 54 47 58 59 33 34 56 10 46 10 32 0 0 
14 21 29 27 28 46 29 51 57 33 51 46 29 6 56 12 47 4 15 62 23 12 20 7 46 36 0 0 
36 42 2 20 44 37 22 19 47 0 44 5 41 52 26 61 60 4 27 21 20 41 17 19 58 53 0 0 
37 31 11 35 0 7 7 44 20 10 41 46 62 37 39 59 28 41 11 15 29 18 40 0 36 47 0 0 
20 41 14 59 15 12 14 60 18 48 62 4 16 9 54 61 35 47 5 58 20 42 36 39 34 34 0 0 
56 16 56 62 59 41 54 57 27 55 39 45 60 29 36 26 50 11 53 62 36 1 12 43 41 60 0 0 
49 1 61 62 42 28 11 38 5 58 22 2 23 41 62 46 8 12 13 41 46 3 39 62 22 35 0 0 
35 34 16 18 16 61 26 8 29 37 50 23 41 48 23 49 16 12 10 20 25 15 39 28 5 59 0 0 
17 22 61 1 48 55 12 19 59 10 62 20 38 24 36 39 14 54 41 30 20 35 6 14 20 60 0 0 
25 12 16 59 12 46 27 58 4 26 34 39 44 15 23 31 0 49 14 16 46 9 4 17 52 47 0 0 
23 5 17 20 5 2 54 50 0 4 18 30 2 23 57 19 63 50 40 4 43 6 10 58 28 59 0 0 
31 59 19 45 48 3 51 2 16 56 3 27 49 5 25 14 6 54 39 3 57 12 12 36 50 25 0 11 
22 58 40 13 51 31 35 39 58 52 36 31 59 35 48 3 30 7 16 3 52 14 0 29 23 54 0 0 
27 28 12 19 52 55 25 25 21 38 25 40 53 21 13 4 0 59 13 7 24 34 31 33 56 10 0 0 
49 63 1 25 44 49 21 41 60 22 29 35 50 31 56 22 23 15 33 46 53 60 50 43 4 19 0 0 
63 55 22 43 40 27 3 36 45 36 19 16 18 11 34 54 60 58 35 43 18 17 10 31 37 1 0 0 
36 63 9 18 45 22 6 49 52 63 10 30 3 25 62 59 47 0 29 46 45 27 30 18 33 62 0 0 
30 52 11 16 40 8 43 10 61 52 2 1 36 41 18 12 41 46 63 46 46 33 12 43 45 0 0 0 
58 33 50 8 13 54 12 30 7 45 49 57 15 5 56 33 42 61 2 28 1 42 61 24 14 43 0 0 
43 34 2 34 55 51 40 35 62 0 35 23 14 12 61 58 46 41 59 60 28 56 26 53 10 42 0 0 
34 7 6 7 30 62 1 13 57 22 48 39 1 12 36 25 59 18 21 56 12 33 10 12 62 4 0 0 
17 50 32 32 11 0 26 25 36 26 34 9 29 0 25 22 26 4 34 59 16 58 27 42 31 27 0 0 
6 62 33 30 29 18 23 28 4 12 35 47 18 37 3 29 12 20 22 60 63 3 18 49 6 24 0 0 
52 23 60 44 29 12 5 11 17 32 26 61 5 2 25 63 53 8 51 58 6 32 25 32 49 37 0 0 
41 42 2 17 52 50 24 62 36 34 22 16 24 46 25 55 50 43 59 3 21 14 40 37 55 58 0 0 
62 49 30 46 62 45 21 30 53 42 10 61 33 39 48 19 61 3 14 14 42 42 31 25 5 35 0 0 
8 38 34 32 59 26 15 42 22 43 59 14 48 44 43 53 61 24 14 37 15 6 38 27 59 31 0 0 
21 10 14 55 0 22 1 28 0 54 6 60 23 33 0 50 20 48 37 24 23 23 51 22 48 38 0 0 
0 15 51 21 8 33 2 36 44 34 9 21 5 18 10 23 16 47 39 25 56 62 14 48 34 21 0 0 
51 33 2 3 2 18 50 59 43 57 54 62 55 32 15 12 20 52 14 43 40 13 48 29 0 28 0 0 
44 7 53 13 26 21 10 54 26 60 63 1 54 56 60 24 2 20 26 44 4 54 11 16 5 12 0 0 
32 28 47 43 47 36 32 29 58 63 36 37 58 10 60 8 21 2 43 63 36 31 56 24 8 22 0 0 
11 27 46 49 41 15 46 14 31 56 20 24 41 14 16 3 60 60 6 44 42 61 47 45 18 4 0 0 
14 1 53 47 22 47 28 18 36 7 9 62 22 4 59 41 0 19 9 57 56 42 24 47 50 20 0 0 
23 4 36 11 26 32 26 38 23 1 36 11 2 30 43 53 33 35 5 16 30 45 34 38 56 41 0 0 
28 38 58 44 38 16 46 1 24 37 53 44 11 36 57 32 51 3 62 63 8 37 22 5 33 9 0 0 
47 26 29 14 45 32 18 19 12 21 63 55 62 1 25 56 40 48 43 55 48 15 18 7 21 4 0 0 
0 50 30 42 11 60 8 7 16 19 15 25 7 28 22 35 7 4 57 53 11 24 10 47 18 20 0 0 
58 29 34 5 3 17 33 22 0 38 29 41 55 51 26 20 50 25 10 17 55 63 50 15 54 4 0 0 
59 45 48 49 14 2 2 43 61 1 33 39 61 24 13 57 44 63 17 1 12 8 10 15 20 16 0 0 
41 36 31 23 61 22 31 18 31 40 15 28 14 50 39 17 57 46 37 39 2 48 8 16 59 22 0 0 
3 4 30 28 33 58 57 60 49 29 10 39 39 44 46 2 3 24 43 35 27 59 14 27 42 2 0 0 
23 2 53 24 44 21 34 39 9 43 45 21 55 56 32 42 8 42 61 34 54 18 59 53 43 3 0 0 
16 50 42 41 13 35 43 2 15 53 62 35 18 28 40 4 19 42 9 17 38 56 37 46 1 29 0 0 
16 56 27 1 39 62 59 49 37 37 30 42 15 21 61 59 21 51 40 24 32 15 41 3 43 43 0 0 
39 26 39 55 58 61 43 39 48 25 33 60 59 35 62 31 45 48 29 58 28 24 20 56 63 59 0 0 
48 18 6 49 53 42 23 40 31 45 31 33 38 10 8 9 11 20 35 34 7 20 49 58 4 32 0 0 
5 41 48 9 17 45 12 15 2 3 24 12 17 24 55 36 62 18 21 18 13 62 31 0 61 39 0 0 
11 20 12 43 58 63 8 49 8 1 37 12 56 2 60 52 52 21 26 56 38 62 56 48 63 42 0 0 
14 61 14 28 13 52 56 4 31 21 11 50 51 52 29 22 39 16 12 22 37 56 21 32 10 17 0 0 
