GF64M1
378 64
56 19 0 0 0 0 0 0 0 0 0 0 0 0 0 0 0 0 0 0 0 0 0 0 0 33 0 0 37 14 0 62 0 15 18 0 58 9 32 0 0 0 44 0 51 13 53 61 41 38 62 3 42 14 0 1 55 0 0 23 34 11 47 40 
17 0 6 0 0 0 0 0 0 0 0 0 0 0 0 0 0 0 0 0 0 0 0 0 0 27 0 0 15 0 0 7 8 62 48 28 36 48 0 15 0 7 59 0 20 13 0 61 42 12 29 18 5 56 0 51 0 9 63 10 16 11 30 38 
45 0 0 49 0 0 0 0 0 0 0 0 0 0 0 0 0 0 0 0 0 0 0 0 0 34 0 0 22 57 0 9 0 6 44 0 43 17 0 15 2 7 24 0 46 13 0 0 56 53 53 1 0 11 0 47 55 0 0 43 31 0 3 6 
38 0 0 0 56 0 0 0 0 0 0 0 0 0 0 0 0 0 0 0 0 0 0 0 0 52 0 0 30 56 0 19 8 13 0 28 18 53 32 15 0 0 51 0 4 13 0 0 48 58 23 9 25 6 23 63 0 0 63 62 4 11 36 27 
58 0 0 0 0 38 0 0 0 0 0 0 0 0 0 0 0 0 0 0 0 0 0 0 0 7 0 0 38 15 0 62 0 33 61 28 58 14 32 15 0 7 45 17 43 13 53 61 1 10 5 26 25 57 0 57 55 0 0 44 9 0 8 15 
9 0 0 0 0 0 52 0 0 0 0 0 0 0 0 0 0 0 0 0 0 0 0 0 0 5 0 0 56 2 0 55 0 31 0 0 30 39 32 0 0 7 1 17 2 0 0 0 18 49 4 50 23 50 0 20 55 9 0 27 28 11 58 47 
17 0 0 0 0 0 0 14 0 0 0 0 0 0 0 0 0 0 0 0 0 0 0 0 0 37 0 0 8 2 0 10 8 25 15 28 51 22 0 0 0 7 57 0 46 0 0 0 25 17 42 25 40 16 0 61 0 9 0 48 56 11 36 0 
48 0 0 0 0 0 0 0 27 0 0 0 0 0 0 0 0 0 0 0 0 0 0 0 0 52 0 0 41 40 0 22 0 25 0 28 29 32 0 15 0 0 35 17 61 0 0 61 55 59 53 2 3 32 0 4 0 0 63 38 35 11 53 13 
20 0 0 0 0 0 0 0 0 21 0 0 0 0 0 0 0 0 0 0 0 0 0 0 0 23 0 0 57 40 0 60 0 45 36 28 57 28 32 15 0 7 18 17 56 13 53 61 22 22 18 62 47 7 23 60 0 9 63 9 51 11 25 37 
44 0 0 0 0 0 0 0 0 0 15 0 0 0 0 0 0 0 0 0 0 0 0 0 0 58 0 0 28 61 0 25 0 59 49 28 37 41 0 0 0 0 23 0 36 13 53 61 46 48 12 39 26 35 23 19 55 9 63 8 41 11 47 20 
3 0 0 0 0 0 0 0 0 0 0 7 0 0 0 0 0 0 0 0 0 0 0 0 0 27 0 0 18 36 0 43 8 37 15 0 32 12 0 0 0 0 38 0 51 0 0 61 60 2 10 5 15 20 23 16 0 9 63 52 32 11 33 59 
54 0 0 0 0 0 0 0 0 0 0 0 16 0 0 0 0 0 0 0 0 0 0 0 0 56 0 0 48 12 0 5 8 55 1 28 59 62 0 0 0 7 1 17 10 13 53 61 34 16 19 52 4 21 0 54 55 0 0 48 26 11 5 15 
26 0 0 0 0 0 0 0 0 0 0 0 0 1 0 0 0 0 0 0 0 0 0 0 0 1 0 0 60 56 0 38 0 45 15 28 60 23 32 15 2 7 14 0 30 0 0 61 10 0 2 1 56 1 0 8 55 9 0 8 10 11 45 58 
12 0 0 0 0 0 0 0 0 0 0 0 0 0 49 0 0 0 0 0 0 0 0 0 0 19 0 0 32 30 0 19 0 30 27 0 13 16 0 0 2 7 42 0 11 0 53 0 59 8 57 41 58 8 0 62 55 0 0 16 53 0 5 4 
31 0 0 0 0 0 0 0 0 0 0 0 0 0 0 60 0 0 0 0 0 0 0 0 0 8 0 0 7 4 0 62 8 9 45 0 32 43 32 0 0 0 48 17 2 0 53 0 21 18 49 11 18 51 0 9 0 0 63 7 41 0 32 29 
22 0 0 0 0 0 0 0 0 0 0 0 0 0 0 0 34 0 0 0 0 0 0 0 0 59 0 0 26 52 0 6 0 55 59 0 21 36 32 15 0 7 47 0 27 13 53 0 3 39 17 39 21 50 0 54 55 0 63 31 56 11 49 26 
6 0 0 0 0 0 0 0 0 0 0 0 0 0 0 0 0 55 0 0 0 0 0 0 0 43 0 0 62 39 0 59 0 57 62 28 47 61 0 15 2 0 13 17 60 0 0 61 14 61 21 49 55 14 23 36 55 0 0 6 0 11 26 51 
8 0 0 0 0 0 0 0 0 0 0 0 0 0 0 0 0 0 15 0 0 0 0 0 0 39 0 0 3 22 0 53 0 31 39 28 59 2 0 15 2 0 48 17 30 13 0 0 32 36 5 61 23 42 0 8 0 9 63 21 40 11 16 42 
37 0 0 0 0 0 0 0 0 0 0 0 0 0 0 0 0 0 0 25 0 0 0 0 0 6 0 0 28 3 0 2 0 19 57 28 12 4 0 15 2 7 22 0 30 0 0 61 58 43 40 7 33 39 23 49 0 9 0 25 53 11 54 30 
5 0 0 0 0 0 0 0 0 0 0 0 0 0 0 0 0 0 0 0 21 0 0 0 0 5 0 0 23 9 0 55 0 53 5 28 26 31 0 15 0 0 5 0 6 13 0 0 32 11 41 28 35 31 0 37 55 0 0 38 49 0 34 9 
27 0 0 0 0 0 0 0 0 0 0 0 0 0 0 0 0 0 0 0 0 0 0 0 0 31 0 0 15 58 0 2 0 57 47 0 54 19 32 15 2 7 39 0 30 0 0 0 53 20 20 5 22 2 23 61 0 0 0 53 37 11 19 17 
30 0 0 0 0 0 0 0 0 0 0 0 0 0 0 0 0 0 0 0 0 0 9 0 0 5 0 0 53 10 0 19 0 12 5 0 23 40 0 0 2 0 1 0 59 13 53 61 6 3 7 10 59 29 23 33 55 0 0 38 19 0 9 24 
54 0 0 0 0 0 0 0 0 0 0 0 0 0 0 0 0 0 0 0 0 0 0 36 0 8 0 0 31 44 0 3 8 55 46 28 51 22 0 0 0 7 20 17 40 13 0 0 13 9 10 17 34 19 0 32 0 9 63 23 28 0 60 27 
33 0 0 0 0 0 0 0 0 0 0 0 0 0 0 0 0 0 0 0 0 0 0 0 53 4 0 0 22 4 0 15 0 26 32 0 18 60 32 15 2 0 22 17 5 0 0 61 31 28 13 5 20 47 23 11 0 9 63 11 27 11 30 30 
57 0 0 0 0 0 0 0 0 0 0 0 0 0 0 0 0 0 0 0 0 0 0 0 0 25 16 0 26 25 0 11 8 39 48 28 44 63 32 15 2 7 28 0 33 13 0 61 52 55 40 49 63 32 0 47 0 0 63 43 38 11 8 26 
19 0 0 0 0 0 0 0 0 0 0 0 0 0 0 0 0 0 0 0 0 0 0 0 0 63 0 33 58 22 0 43 0 1 1 0 1 52 32 15 0 7 1 0 47 0 0 0 1 21 18 1 49 1 0 1 55 0 63 38 1 0 1 20 
1 0 0 0 0 0 0 0 0 0 0 0 0 0 0 0 0 0 0 0 0 0 0 0 0 1 0 0 1 1 59 1 0 18 20 28 63 1 0 15 2 0 25 17 1 0 0 0 13 1 19 57 1 51 23 1 55 9 63 1 62 0 22 21 
0 9 37 0 0 0 0 0 0 0 0 0 0 0 0 0 0 0 0 0 0 0 0 0 0 0 0 0 42 14 0 57 38 0 0 30 30 0 24 49 0 24 0 0 51 0 21 30 3 38 62 3 47 14 0 51 56 30 3 10 16 1 0 14 
0 12 0 10 0 0 0 0 0 0 0 0 0 0 0 0 0 0 0 0 0 0 0 0 0 33 0 0 22 0 0 55 0 15 0 0 17 0 24 49 48 24 0 0 51 37 17 43 56 0 0 0 42 14 0 46 23 0 0 43 31 21 47 6 
0 58 0 0 4 0 0 0 0 0 0 0 0 0 0 0 0 0 0 0 0 0 0 0 0 0 0 0 30 14 0 45 38 0 0 30 18 9 52 49 0 0 0 0 0 10 2 60 25 38 62 3 25 0 47 63 53 0 3 62 38 30 47 27 
0 36 0 0 0 26 0 0 0 0 0 0 0 0 0 0 0 0 0 0 0 0 0 0 0 0 0 0 38 0 0 62 0 0 0 30 58 0 58 49 0 24 44 43 51 16 39 39 1 0 62 3 25 0 0 56 5 0 0 59 43 62 47 15 
0 55 0 0 0 0 21 0 0 0 0 0 0 0 0 0 0 0 0 0 0 0 0 0 0 33 0 0 56 14 0 9 0 0 18 0 36 9 8 0 0 24 0 43 51 50 12 51 59 0 0 0 61 14 0 20 59 30 0 12 28 36 0 7 
0 46 0 0 0 0 0 9 0 0 0 0 0 0 0 0 0 0 0 0 0 0 0 0 0 0 0 0 45 14 0 10 38 0 0 30 51 0 44 0 0 24 44 0 51 20 14 26 25 38 62 0 40 14 0 60 22 30 0 48 26 49 47 0 
0 20 0 0 0 0 0 0 33 0 0 0 0 0 0 0 0 0 0 0 0 0 0 0 0 33 0 0 12 14 0 22 0 0 18 30 39 0 20 49 0 0 0 43 0 35 50 5 55 38 0 3 41 14 0 5 15 0 3 38 35 7 47 37 
0 48 0 0 0 0 0 0 0 19 0 0 0 0 0 0 0 0 0 0 0 0 0 0 0 0 0 0 57 14 0 2 0 15 18 30 57 0 21 49 0 24 0 43 51 56 3 56 22 0 0 3 5 14 47 61 58 30 3 30 17 8 47 13 
0 4 0 0 0 0 0 0 0 0 18 0 0 0 0 0 0 0 0 0 0 0 0 0 0 0 0 0 57 0 0 25 0 0 0 30 37 0 57 0 0 0 0 0 51 61 26 5 46 0 62 3 48 14 47 18 5 30 3 8 41 60 0 60 
0 55 0 0 0 0 0 0 0 0 0 56 0 0 0 0 0 0 0 0 0 0 0 0 0 0 0 0 18 14 0 43 38 0 0 0 32 9 20 0 0 0 44 0 51 1 31 44 60 38 0 3 37 0 47 16 48 30 3 52 32 23 0 59 
0 12 0 0 0 0 0 0 0 0 0 0 33 0 0 0 0 0 0 0 0 0 0 0 0 33 0 0 21 0 0 59 38 0 0 30 1 9 42 0 0 24 44 43 51 35 44 23 11 0 0 0 46 0 0 54 40 0 0 48 56 8 0 39 
0 46 0 0 0 0 0 0 0 0 0 0 0 57 0 0 0 0 0 0 0 0 0 0 0 0 0 0 60 0 0 38 0 0 18 30 60 9 16 49 48 24 44 0 51 4 40 56 35 0 0 3 18 0 0 8 24 30 0 31 10 16 47 58 
0 16 0 0 0 0 0 0 0 0 0 0 0 0 62 0 0 0 0 0 0 0 0 0 0 0 0 0 32 0 0 19 0 0 0 0 13 0 37 0 48 24 0 0 0 30 26 50 18 38 0 3 58 14 0 63 36 0 0 16 23 38 47 44 
0 56 0 0 0 0 0 0 0 0 0 0 0 0 0 56 0 0 0 0 0 0 0 0 0 0 0 0 34 14 0 62 38 0 18 0 26 0 12 0 0 0 0 43 51 20 27 7 21 38 0 3 56 14 0 9 41 0 3 16 11 46 47 53 
0 4 0 0 0 0 0 0 0 0 0 0 0 0 0 0 0 0 0 0 0 0 0 0 0 0 0 0 26 14 0 6 0 15 0 0 21 9 57 49 0 24 44 0 51 27 22 25 3 0 0 3 21 14 0 55 13 0 3 8 56 40 47 50 
0 8 0 0 0 0 0 0 0 0 0 0 0 0 0 0 0 59 0 0 0 0 0 0 0 0 0 0 27 14 0 5 0 0 0 30 47 0 52 49 48 0 0 43 0 46 51 46 14 38 62 0 29 14 47 36 18 0 0 6 34 16 47 27 
0 33 0 0 0 0 0 0 0 0 0 0 0 0 0 0 0 0 51 0 0 0 0 0 0 0 0 0 3 0 0 11 0 0 0 30 1 0 35 49 48 0 44 43 51 29 16 13 9 38 62 0 61 14 0 9 45 30 3 2 40 26 47 2 
0 40 0 0 0 0 0 0 0 0 0 0 0 0 0 0 0 0 0 31 0 0 0 0 0 33 0 0 57 0 0 2 0 15 0 30 12 0 2 49 48 24 44 0 51 47 63 47 58 38 62 3 11 0 47 48 56 30 0 25 53 2 47 30 
0 18 0 0 0 0 0 0 0 0 0 0 0 0 0 0 0 0 0 0 51 0 0 0 0 0 0 0 50 0 0 55 0 15 0 30 26 0 1 49 0 0 0 0 0 49 25 50 32 0 62 0 9 14 0 36 45 0 0 38 19 42 0 33 
0 50 0 0 0 0 0 0 0 0 0 0 0 0 0 0 0 0 0 0 0 62 0 0 0 33 0 0 15 14 0 2 0 0 0 0 12 0 45 49 48 24 44 0 0 40 21 56 53 38 0 0 60 14 47 61 62 0 0 53 7 63 0 57 
0 51 0 0 0 0 0 0 0 0 0 0 0 0 0 0 0 0 0 0 0 0 34 0 0 0 0 0 16 0 0 45 0 15 18 0 23 9 46 0 48 0 44 0 51 34 56 11 47 38 62 3 59 0 47 32 18 0 0 49 49 13 0 48 
0 45 0 0 0 0 0 0 0 0 0 0 0 0 0 0 0 0 0 0 0 0 0 8 0 33 0 0 58 14 0 61 38 15 18 30 51 9 9 0 0 24 44 43 0 58 25 17 36 0 0 3 34 14 0 33 24 30 3 0 28 53 47 27 
0 54 0 0 0 0 0 0 0 0 0 0 0 0 0 0 0 0 0 0 0 0 0 0 33 33 0 0 51 14 0 49 0 0 0 0 40 9 5 49 48 0 0 43 0 47 18 13 54 38 62 0 62 0 47 11 8 30 3 28 57 45 0 30 
0 21 0 0 0 0 0 0 0 0 0 0 0 0 0 0 0 0 0 0 0 0 0 0 0 0 51 0 63 0 0 11 38 0 18 30 44 9 24 49 48 24 44 0 0 31 52 12 29 38 62 3 21 0 0 46 62 0 3 60 38 9 47 50 
0 5 0 0 0 0 0 0 0 0 0 0 0 0 0 0 0 0 0 0 0 0 0 0 0 0 0 52 31 0 0 21 0 0 0 0 1 9 57 49 0 24 0 0 0 36 1 41 1 38 62 0 49 0 0 1 47 0 3 49 1 14 0 60 
0 1 0 0 0 0 0 0 0 0 0 0 0 0 0 0 0 0 0 0 0 0 0 0 0 0 0 0 1 0 52 1 0 15 18 30 5 0 1 49 48 0 44 43 0 1 0 1 36 0 62 3 1 14 47 0 46 30 3 1 28 1 47 61 
0 0 41 48 0 0 0 0 0 0 0 0 0 0 0 0 0 0 0 0 0 0 0 0 0 27 0 0 22 57 0 14 37 62 0 43 15 0 0 1 21 32 0 0 58 37 0 43 56 53 53 1 5 51 0 51 56 19 57 0 0 21 30 6 
0 0 48 0 7 0 0 0 0 0 0 0 0 0 0 0 0 0 0 0 0 0 0 0 0 0 0 0 30 56 0 20 20 0 0 5 18 48 24 17 0 48 0 0 4 10 0 60 26 54 10 27 25 6 1 0 0 26 11 0 16 31 30 27 
0 0 38 0 0 25 0 0 0 0 0 0 0 0 0 0 0 0 0 0 0 0 0 0 0 0 0 0 38 15 0 62 10 0 0 28 58 0 24 52 0 33 59 3 63 16 21 57 1 10 24 8 25 57 0 51 56 57 40 10 16 62 30 15 
0 0 50 0 0 0 54 0 0 0 0 0 0 0 0 0 0 0 0 0 0 0 0 0 0 27 0 0 56 2 0 48 34 0 48 1 58 48 24 58 0 6 0 3 22 50 0 51 56 49 4 50 18 10 0 0 56 44 13 10 0 37 0 9 
0 0 9 0 0 0 0 62 0 0 0 0 0 0 0 0 0 0 0 0 0 0 0 0 0 0 0 0 7 2 0 10 45 0 0 6 51 0 0 44 0 38 59 0 58 20 0 26 25 29 55 25 40 40 0 51 0 39 10 0 16 48 30 0 
0 0 37 0 0 0 0 0 23 0 0 0 0 0 0 0 0 0 0 0 0 0 0 0 0 27 0 0 38 40 0 22 62 0 48 39 57 0 0 27 0 57 0 3 61 35 0 27 55 55 53 16 6 24 0 51 0 26 36 0 0 6 30 43 
0 0 61 0 0 0 0 0 0 24 0 0 0 0 0 0 0 0 0 0 0 0 0 0 0 0 0 0 57 40 0 59 8 62 48 58 57 0 24 32 0 54 0 3 44 56 21 38 22 22 18 44 42 63 1 51 0 6 19 10 16 9 30 3 
0 0 36 0 0 0 0 0 0 0 17 0 0 0 0 0 0 0 0 0 0 0 0 0 0 0 0 0 19 61 0 25 49 0 0 13 37 0 0 45 0 25 0 0 48 61 21 27 46 48 17 53 31 27 1 51 56 62 46 0 0 61 0 50 
0 0 19 0 0 0 0 0 0 0 0 41 0 0 0 0 0 0 0 0 0 0 0 0 0 0 0 0 18 36 0 43 31 0 0 47 32 48 0 45 0 31 59 0 39 1 0 50 60 14 10 23 10 20 1 0 0 33 19 0 0 22 0 59 
0 0 60 0 0 0 0 0 0 0 0 0 62 0 0 0 0 0 0 0 0 0 0 0 0 27 0 0 63 12 0 2 57 0 0 62 31 48 0 46 0 46 59 3 30 35 21 9 8 16 19 52 1 21 0 0 56 15 62 0 16 9 0 41 
0 0 35 0 0 0 0 0 0 0 0 0 0 38 0 0 0 0 0 0 0 0 0 0 0 0 0 0 60 56 0 38 48 0 48 39 60 48 24 52 21 25 59 0 10 4 0 38 32 0 2 19 61 1 0 0 56 42 17 10 0 17 30 58 
0 0 48 0 0 0 0 0 0 0 0 0 0 0 48 0 0 0 0 0 0 0 0 0 0 0 0 0 32 30 0 19 49 0 0 31 13 0 0 4 21 31 0 0 11 30 21 50 17 4 57 59 58 48 0 51 56 9 23 0 16 38 30 34 
0 0 35 0 0 0 0 0 0 0 0 0 0 0 0 31 0 0 0 0 0 0 0 0 0 0 0 0 8 4 0 62 60 0 48 25 4 0 24 53 0 60 0 3 22 20 21 7 21 30 49 25 23 11 0 0 0 18 27 10 16 46 30 59 
0 0 52 0 0 0 0 0 0 0 0 0 0 0 0 0 62 0 0 0 0 0 0 0 0 0 0 0 26 52 0 6 22 62 0 17 21 48 24 6 0 22 59 0 15 27 21 25 3 39 17 53 21 10 0 51 56 1 22 10 0 41 30 60 
0 0 4 0 0 0 0 0 0 0 0 0 0 0 0 0 0 40 0 0 0 0 0 0 0 0 0 0 49 39 0 60 15 0 0 62 47 0 0 34 21 26 0 3 60 46 0 48 14 49 8 49 50 54 1 0 56 59 57 0 16 17 30 21 
0 0 55 0 0 0 0 0 0 0 0 0 0 0 0 0 0 0 44 0 0 0 0 0 0 0 0 0 3 22 0 50 41 0 0 51 31 0 0 36 21 24 59 3 10 29 0 13 10 40 24 61 18 18 0 51 0 55 28 10 0 27 30 12 
0 0 47 0 0 0 0 0 0 0 0 0 0 0 0 0 0 0 0 52 0 0 0 0 0 27 0 0 19 3 0 2 5 62 0 25 12 0 0 2 21 0 59 0 10 47 0 49 58 39 53 21 36 39 1 51 0 52 36 0 0 3 30 30 
0 0 47 0 0 0 0 0 0 0 0 0 0 0 0 0 0 0 0 0 52 0 0 0 0 0 0 0 24 9 0 55 43 62 0 25 26 0 0 53 0 58 0 0 6 49 0 50 32 11 52 28 38 39 0 51 56 12 5 0 16 42 0 47 
0 0 61 0 0 0 0 0 0 0 0 0 0 0 0 0 0 0 0 0 0 32 0 0 0 27 0 0 15 58 0 2 6 0 0 13 18 0 24 60 21 61 59 0 30 40 0 56 53 24 20 5 19 58 1 0 0 33 56 0 16 62 0 55 
0 0 45 0 0 0 0 0 0 0 0 0 0 0 0 0 0 0 0 0 0 0 23 0 0 0 0 0 58 10 0 20 56 62 48 15 23 48 0 19 21 20 59 0 47 34 21 21 44 15 26 24 59 29 1 51 56 21 58 10 16 13 0 62 
0 0 60 0 0 0 0 0 0 0 0 0 0 0 0 0 0 0 0 0 0 0 0 54 0 27 0 0 16 44 0 4 45 62 48 60 51 48 0 29 0 19 59 3 40 58 0 17 39 9 10 3 34 43 0 51 0 41 30 10 0 53 30 27 
0 0 1 0 0 0 0 0 0 0 0 0 0 0 0 0 0 0 0 0 0 0 0 0 42 27 0 0 25 4 0 8 23 0 0 15 54 48 24 63 21 35 0 3 5 47 0 19 53 16 16 5 17 47 1 0 0 54 28 10 16 44 0 30 
0 0 16 0 0 0 0 0 0 0 0 0 0 0 0 0 0 0 0 0 0 0 0 0 0 0 20 0 21 25 0 11 0 0 48 58 44 48 24 44 21 52 59 0 33 31 0 18 30 59 53 35 58 32 0 51 0 1 47 10 0 8 30 60 
0 0 57 0 0 0 0 0 0 0 0 0 0 0 0 0 0 0 0 0 0 0 0 0 0 0 0 17 53 22 0 44 2 0 0 1 1 48 24 46 0 25 0 0 47 36 0 41 1 25 15 1 49 1 0 0 56 1 26 10 0 14 0 50 
0 0 1 0 0 0 0 0 0 0 0 0 0 0 0 0 0 0 0 0 0 0 0 0 0 0 0 0 1 1 8 1 1 62 48 13 27 0 0 47 21 1 59 3 1 1 0 1 39 1 14 43 1 11 1 51 56 13 27 0 16 1 30 51 
0 0 0 62 32 0 0 0 0 0 0 0 0 0 0 0 0 0 0 0 0 0 0 0 0 52 0 0 0 57 0 26 37 13 0 43 18 17 24 16 36 48 0 0 4 47 0 0 56 53 53 1 25 6 23 63 53 0 57 0 31 21 39 0 
0 0 0 17 0 17 0 0 0 0 0 0 0 0 0 0 0 0 0 0 0 0 0 0 0 7 0 0 0 0 0 62 0 33 0 43 58 0 24 53 9 1 24 2 5 53 17 43 0 0 53 1 25 57 0 22 18 0 0 43 31 0 11 0 
0 0 0 54 0 0 3 0 0 0 0 0 0 0 0 0 0 0 0 0 0 0 0 0 0 39 0 0 0 57 0 62 0 31 44 0 53 17 24 58 30 38 0 2 44 50 0 0 56 0 0 0 23 57 0 20 44 19 0 43 0 21 58 6 
0 0 0 9 0 0 0 35 0 0 0 0 0 0 0 0 0 0 0 0 0 0 0 0 0 37 0 0 22 57 0 10 37 25 0 43 51 0 0 44 36 6 24 0 0 20 0 0 0 53 53 0 40 27 0 18 22 19 0 0 31 21 39 0 
0 0 0 34 0 0 0 0 46 0 0 0 0 0 0 0 0 0 0 0 0 0 0 0 0 22 0 0 22 57 0 22 0 25 44 43 54 0 0 26 1 57 0 2 61 35 0 43 0 53 0 1 3 43 0 43 15 0 57 0 0 21 54 6 
0 0 0 17 0 0 0 0 0 31 0 0 0 0 0 0 0 0 0 0 0 0 0 0 0 23 0 0 0 57 0 53 0 43 44 43 57 0 24 33 40 22 0 2 22 29 17 43 0 0 0 1 47 12 23 19 58 19 57 43 31 21 26 6 
0 0 0 59 0 0 0 0 0 0 27 0 0 0 0 0 0 0 0 0 0 0 0 0 0 58 0 0 22 0 0 25 0 59 0 43 37 0 0 45 51 25 0 0 10 24 17 43 0 0 53 1 26 40 23 60 18 19 57 0 0 21 47 6 
0 0 0 13 0 0 0 0 0 0 0 37 0 0 0 0 0 0 0 0 0 0 0 0 0 27 0 0 0 57 0 43 37 37 0 0 32 17 0 45 6 31 24 0 29 1 0 43 0 53 0 1 15 20 23 16 48 19 57 0 0 21 33 0 
0 0 0 25 0 0 0 0 0 0 0 0 9 0 0 0 0 0 0 0 0 0 0 0 0 26 0 0 22 0 0 12 37 55 0 43 16 17 0 46 59 14 24 2 36 6 17 43 56 0 0 0 4 21 0 54 63 0 0 0 31 21 5 6 
0 0 0 38 0 0 0 0 0 0 0 0 0 48 0 0 0 0 0 0 0 0 0 0 0 1 0 0 0 0 0 38 0 45 44 43 60 17 24 53 20 57 24 0 48 4 0 43 56 0 0 1 56 1 0 8 15 19 0 43 0 21 46 0 
0 0 0 34 0 0 0 0 0 0 0 0 0 0 16 0 0 0 0 0 0 0 0 0 0 19 0 0 0 0 0 19 0 30 0 0 13 0 0 4 18 63 0 0 11 30 17 0 56 53 0 1 58 3 0 17 51 0 0 0 31 0 6 6 
0 0 0 59 0 0 0 0 0 0 0 0 0 0 0 0 0 0 0 0 0 0 0 0 0 8 0 0 22 57 0 62 37 9 44 0 11 0 24 53 58 60 0 2 44 20 17 0 0 53 0 1 18 56 0 9 41 0 57 43 31 0 35 6 
0 0 0 25 0 0 0 0 0 0 0 0 0 0 0 0 46 0 0 0 0 0 0 0 0 59 0 0 0 57 0 6 0 49 0 0 21 17 24 7 12 54 24 0 53 62 17 0 0 0 0 1 21 57 0 25 26 0 57 43 0 21 50 6 
0 0 0 0 0 0 0 0 0 0 0 0 0 0 0 0 0 55 0 0 0 0 0 0 0 43 0 0 22 57 0 50 0 57 0 43 47 0 0 35 7 26 0 2 60 46 0 43 0 53 53 0 55 5 23 36 5 0 0 0 31 21 25 6 
0 0 0 43 0 0 0 0 0 0 0 0 0 0 0 0 0 0 54 0 0 0 0 0 0 39 0 0 0 0 0 60 0 31 0 43 16 0 0 37 4 24 24 2 48 56 0 0 56 53 53 0 23 33 0 39 45 19 57 43 0 21 19 6 
0 0 0 30 0 0 0 0 0 0 0 0 0 0 0 0 0 0 0 10 0 0 0 0 0 36 0 0 22 0 0 2 0 21 0 43 12 0 0 3 35 32 24 0 48 47 0 43 0 53 53 1 33 39 23 30 56 19 0 0 0 21 53 0 
0 0 0 13 0 0 0 0 0 0 0 0 0 0 0 0 0 0 0 0 18 0 0 0 0 5 0 0 22 0 0 55 0 51 0 43 26 0 0 52 34 58 0 0 6 20 0 0 0 0 53 0 35 20 0 10 58 0 0 0 31 0 34 6 
0 0 0 56 0 0 0 0 0 0 0 0 0 0 0 0 0 0 0 0 0 37 0 0 0 61 0 0 0 57 0 2 0 57 0 0 29 0 24 61 47 29 24 0 30 40 0 0 0 53 0 0 22 9 23 61 62 0 0 0 31 21 19 6 
0 0 0 28 0 0 0 0 0 0 0 0 0 0 0 0 0 0 0 0 0 0 16 0 0 5 0 0 22 0 0 26 0 10 44 0 23 17 0 19 4 20 24 0 21 7 17 43 56 53 53 1 59 29 23 14 5 0 0 43 31 0 9 6 
0 0 0 59 0 0 0 0 0 0 0 0 0 0 0 0 0 0 0 0 0 0 0 54 0 42 0 0 22 57 0 10 37 49 44 43 51 17 0 29 61 51 24 2 40 31 0 0 56 0 0 1 34 24 0 15 24 19 57 43 0 0 63 0 
0 0 0 16 0 0 0 0 0 0 0 0 0 0 0 0 0 0 0 0 0 0 0 0 49 38 0 0 22 57 0 6 0 26 0 0 57 17 24 62 32 35 0 2 5 47 0 43 56 53 53 0 20 47 23 11 8 19 57 43 31 21 30 0 
0 0 0 15 0 0 0 0 0 0 0 0 0 0 0 0 0 0 0 0 0 0 0 0 0 25 60 0 22 0 0 11 37 39 44 43 44 17 24 45 45 20 24 0 33 58 0 43 56 53 53 1 63 32 0 0 62 0 57 43 0 21 11 6 
0 0 0 19 0 0 0 0 0 0 0 0 0 0 0 0 0 0 0 0 0 0 0 0 0 63 0 44 22 0 0 34 0 1 0 0 1 17 24 47 1 57 0 0 47 36 0 0 0 53 53 0 49 1 0 1 56 0 57 43 0 0 1 6 
0 0 0 1 0 0 0 0 0 0 0 0 0 0 0 0 0 0 0 0 0 0 0 0 0 1 0 0 0 0 25 1 0 20 44 43 20 0 0 46 54 1 24 2 1 1 0 0 56 0 53 1 1 56 23 46 57 19 57 0 31 0 21 6 
0 0 0 0 39 40 0 0 0 0 0 0 0 0 0 0 0 0 0 0 0 0 0 0 0 0 0 0 0 15 0 62 10 0 0 25 0 14 14 37 0 48 51 38 4 26 2 60 1 10 18 19 0 0 53 63 53 0 40 62 13 62 44 0 
0 0 0 0 49 0 1 0 0 0 0 0 0 0 0 0 0 0 0 0 0 0 0 0 0 52 0 0 0 58 0 36 34 0 0 1 18 18 60 58 0 48 0 38 4 50 0 0 34 49 4 50 25 6 48 0 53 26 13 62 28 58 58 27 
0 0 0 0 49 0 0 19 0 0 0 0 0 0 0 0 0 0 0 0 0 0 0 0 0 0 0 0 30 58 0 10 57 0 0 3 0 22 44 44 0 48 51 0 4 20 0 0 25 43 61 25 0 6 2 63 0 26 10 0 60 47 0 0 
0 0 0 0 58 0 0 0 38 0 0 0 0 0 0 0 0 0 0 0 0 0 0 0 0 52 0 0 30 16 0 22 62 0 0 34 18 32 20 10 0 0 0 38 0 35 0 60 55 1 53 11 25 6 6 63 0 0 47 0 35 25 17 27 
0 0 0 0 59 0 0 0 0 51 0 0 0 0 0 0 0 0 0 0 0 0 0 0 0 0 0 0 0 16 0 47 8 13 0 63 0 28 33 49 0 48 0 38 4 50 2 60 22 22 18 55 25 6 30 63 0 26 24 62 55 22 61 27 
0 0 0 0 24 0 0 0 0 0 17 0 0 0 0 0 0 0 0 0 0 0 0 0 0 0 0 0 30 61 0 25 49 0 0 8 0 41 57 45 0 0 0 0 4 55 2 60 46 48 27 46 25 6 47 63 53 26 37 0 41 34 47 27 
0 0 0 0 29 0 0 0 0 0 0 55 0 0 0 0 0 0 0 0 0 0 0 0 0 0 0 0 0 28 0 43 11 0 0 47 0 57 20 45 0 0 51 0 4 1 0 60 60 56 10 12 25 0 35 0 0 26 24 0 32 9 33 0 
0 0 0 0 8 0 0 0 0 0 0 0 63 0 0 0 0 0 0 0 0 0 0 0 0 52 0 0 30 12 0 22 45 0 0 59 18 11 42 46 0 48 51 38 4 41 2 60 18 16 19 52 25 0 52 0 53 0 62 0 30 22 5 27 
0 0 0 0 21 0 0 0 0 0 0 0 0 21 0 0 0 0 0 0 0 0 0 0 0 0 0 0 0 56 0 38 48 0 0 34 0 34 36 37 36 48 51 0 4 4 0 60 58 0 2 8 25 0 41 0 53 26 17 62 10 14 9 0 
0 0 0 0 27 0 0 0 0 0 0 0 0 0 38 0 0 0 0 0 0 0 0 0 0 0 0 0 0 30 0 19 49 0 0 31 0 16 37 4 36 48 0 0 0 30 2 0 11 50 57 32 0 6 39 63 53 0 23 0 49 38 33 27 
0 0 0 0 25 0 0 0 0 0 0 0 0 0 0 13 0 0 0 0 0 0 0 0 0 0 0 0 30 60 0 62 40 0 0 25 18 43 56 53 0 0 0 38 4 20 2 0 21 40 49 2 25 6 2 0 0 0 16 62 45 46 4 27 
0 0 0 0 28 0 0 0 0 0 0 0 0 0 0 0 30 0 0 0 0 0 0 0 0 0 0 0 0 12 0 6 22 13 0 17 0 17 13 23 0 48 51 0 4 17 2 0 3 39 17 46 0 6 24 63 53 0 29 62 56 54 21 27 
0 0 0 0 8 0 0 0 0 0 0 0 0 0 0 0 0 54 0 0 0 0 0 0 0 0 0 0 30 31 0 40 15 0 0 59 0 61 52 51 36 0 0 38 0 46 0 60 14 7 2 49 25 6 8 0 53 0 57 0 4 14 62 27 
0 0 0 0 29 0 0 0 0 0 0 0 0 0 0 0 0 0 42 0 0 0 0 0 0 0 0 0 0 22 0 38 41 0 0 54 18 2 35 53 36 0 51 38 4 23 0 0 16 30 18 61 25 6 5 63 0 26 23 62 40 4 52 27 
0 0 0 0 16 0 0 0 0 0 0 0 0 0 0 0 0 0 0 47 0 0 0 0 0 52 0 0 30 3 0 2 5 13 0 28 0 4 2 19 36 48 51 0 4 47 0 60 58 17 63 14 25 0 46 63 0 26 36 0 53 28 18 0 
0 0 0 0 45 0 0 0 0 0 0 0 0 0 0 0 0 0 0 0 11 0 0 0 0 0 0 0 30 9 0 55 43 13 0 28 0 31 1 36 0 0 0 0 0 59 0 0 32 11 62 28 25 6 4 63 53 0 5 0 53 42 34 27 
0 0 0 0 30 0 0 0 0 0 0 0 0 0 0 0 0 0 0 0 0 0 0 0 0 52 0 0 0 2 0 2 6 0 0 13 18 19 25 45 36 48 51 0 0 40 0 0 53 46 20 5 25 6 51 0 0 0 56 0 33 33 19 27 
0 0 0 0 11 0 0 0 0 0 0 0 0 0 0 0 0 0 0 0 0 0 6 0 0 0 0 0 30 10 0 0 56 13 0 15 0 29 46 19 36 0 51 0 4 40 2 60 54 57 16 3 0 0 28 63 53 0 58 62 23 13 9 27 
0 0 0 0 14 0 0 0 0 0 0 0 0 0 0 0 0 0 0 0 0 0 0 14 0 52 0 0 30 20 0 16 57 13 0 57 0 35 9 29 0 48 51 38 0 48 0 0 61 9 10 24 0 6 8 63 0 26 21 62 28 53 24 0 
0 0 0 0 33 0 0 0 0 0 0 0 0 0 0 0 0 0 0 0 0 0 0 0 30 52 0 0 30 60 0 28 23 0 0 15 18 9 49 46 36 0 0 38 0 47 0 60 47 38 26 5 25 0 14 0 0 26 23 62 31 51 30 0 
0 0 0 0 20 0 0 0 0 0 0 0 0 0 0 0 0 0 0 0 0 0 0 0 0 0 26 0 30 25 0 11 20 0 0 63 0 10 44 61 36 48 51 0 0 21 0 60 4 13 63 56 25 0 36 63 0 0 36 62 38 23 44 27 
0 0 0 0 46 0 0 0 0 0 0 0 0 0 0 0 0 0 0 0 0 0 0 0 0 0 0 6 30 22 0 56 2 0 0 1 0 1 13 63 0 48 0 0 0 36 0 0 1 47 5 1 0 0 1 0 53 0 17 62 1 14 1 27 
0 0 0 0 1 0 0 0 0 0 0 0 0 0 0 0 0 0 0 0 0 0 0 0 0 0 0 0 0 1 55 1 1 13 0 8 18 1 1 62 36 0 51 38 0 1 0 0 61 1 4 48 0 6 59 63 53 26 16 0 58 1 50 27 
0 0 0 0 0 2 4 0 0 0 0 0 0 0 0 0 0 0 0 0 0 0 0 0 0 7 0 0 0 15 0 62 0 0 61 1 58 14 50 58 0 39 1 7 41 50 12 51 1 0 4 50 25 57 0 20 62 57 0 55 28 62 58 15 
0 0 0 0 0 39 0 35 0 0 0 0 0 0 0 0 0 0 0 0 0 0 0 0 0 0 0 0 38 15 0 0 10 0 0 26 0 0 44 44 0 7 20 51 5 20 14 26 0 10 47 25 0 57 0 4 22 57 0 48 49 62 44 0 
0 0 0 0 0 7 0 0 52 0 0 0 0 0 0 0 0 0 0 0 0 0 0 0 0 7 0 0 38 15 0 0 0 0 61 59 58 0 20 47 0 57 35 41 61 35 50 34 0 10 53 24 25 57 0 61 15 0 40 38 35 62 61 15 
0 0 0 0 0 61 0 0 0 16 0 0 0 0 0 0 0 0 0 0 0 0 0 0 0 0 0 0 0 15 0 62 0 33 61 38 0 0 47 20 0 23 18 32 19 40 36 31 0 0 18 36 25 57 53 5 58 57 40 37 58 62 17 15 
0 0 0 0 0 63 0 0 0 0 30 0 0 0 0 0 0 0 0 0 0 0 0 0 0 0 0 0 38 0 0 0 0 0 0 17 0 0 57 45 0 25 23 49 15 45 61 34 0 0 9 61 25 57 53 42 0 57 40 8 41 62 47 15 
0 0 0 0 0 37 0 0 0 0 0 54 0 0 0 0 0 0 0 0 0 0 0 0 0 0 0 0 0 15 0 0 10 0 0 47 0 14 20 45 0 31 11 27 24 1 31 11 0 10 10 31 25 0 53 16 48 57 40 52 32 62 33 0 
0 0 0 0 0 3 0 0 0 0 0 0 51 0 0 0 0 0 0 0 0 0 0 0 0 7 0 0 38 0 0 62 10 0 0 34 58 14 42 46 0 15 44 2 33 51 11 48 1 0 19 52 25 0 0 54 45 0 0 48 19 62 5 15 
0 0 0 0 0 7 0 0 0 0 0 0 0 27 0 0 0 0 0 0 0 0 0 0 0 0 0 0 0 0 0 0 0 0 61 59 0 14 42 0 9 56 35 34 53 4 40 31 1 0 2 27 25 0 0 8 29 57 0 36 10 62 37 0 
0 0 0 0 0 38 0 0 0 0 0 0 0 0 38 0 0 0 0 0 0 0 0 0 0 0 0 0 0 0 0 0 0 0 0 31 0 0 37 4 9 62 42 49 11 30 61 50 1 10 57 51 0 57 0 7 33 0 0 16 60 0 13 15 
0 0 0 0 0 9 0 0 0 0 0 0 0 0 0 23 0 0 0 0 0 0 0 0 0 0 0 0 38 15 0 0 10 0 61 25 58 0 54 53 0 60 48 16 41 20 60 7 0 10 49 17 25 57 0 9 41 0 40 43 32 0 40 15 
0 0 0 0 0 19 0 0 0 0 0 0 0 0 0 0 24 0 0 0 0 0 0 0 0 0 0 0 0 15 0 0 0 33 0 17 0 14 3 50 0 55 2 11 48 11 49 25 0 0 17 61 0 57 0 15 8 0 40 51 56 62 57 15 
0 0 0 0 0 37 0 0 0 0 0 0 0 0 0 0 0 61 0 0 0 0 0 0 0 0 0 0 38 15 0 62 0 0 0 34 0 0 52 22 9 26 13 43 60 46 51 9 0 10 16 49 25 57 53 36 23 0 0 6 9 62 18 15 
0 0 0 0 0 2 0 0 0 0 0 0 0 0 0 0 0 0 21 0 0 0 0 0 0 0 0 0 0 0 0 62 0 0 0 47 58 0 35 16 9 24 29 33 53 13 16 13 1 10 0 61 25 57 0 49 45 57 40 57 40 62 24 15 
0 0 0 0 0 52 0 0 0 0 0 0 0 0 0 0 0 0 0 21 0 0 0 0 0 7 0 0 38 0 0 0 0 33 0 5 0 0 2 54 9 33 59 24 53 47 63 8 0 10 45 29 25 0 53 8 56 57 0 25 53 62 62 0 
0 0 0 0 0 7 0 0 0 0 0 0 0 0 0 0 0 0 0 0 13 0 0 0 0 0 0 0 38 0 0 0 0 33 0 5 0 0 1 1 0 58 5 61 6 33 25 50 0 0 44 28 25 57 0 28 40 0 0 38 56 0 34 15 
0 0 0 0 0 2 0 0 0 0 0 0 0 0 0 0 0 0 0 0 0 11 0 0 0 7 0 0 0 15 0 0 0 0 0 13 58 0 23 8 9 28 10 0 30 40 21 56 0 10 20 5 25 57 53 61 62 0 0 53 44 62 19 15 
0 0 0 0 0 57 0 0 0 0 0 0 0 0 0 0 0 0 0 0 0 0 49 0 0 0 0 0 38 0 0 62 0 33 61 15 0 14 46 19 9 20 44 63 16 50 31 44 1 10 2 16 0 0 53 24 23 0 0 10 26 0 9 15 
0 0 0 0 0 30 0 0 0 0 0 0 0 0 0 0 0 0 0 0 0 0 0 39 0 7 0 0 38 15 0 62 10 33 61 32 0 14 9 29 0 50 57 27 40 42 25 17 1 0 10 11 0 57 0 25 24 57 40 59 28 0 52 0 
0 0 0 0 0 23 0 0 0 0 0 0 0 0 0 0 0 0 0 0 0 0 0 0 22 7 0 0 38 15 0 62 0 0 0 15 58 14 63 11 9 35 22 53 5 47 18 42 1 10 8 5 25 0 53 11 8 57 40 39 18 62 30 0 
0 0 0 0 0 47 0 0 0 0 0 0 0 0 0 0 0 0 0 0 0 0 0 0 0 0 10 0 38 0 0 0 10 0 61 38 0 14 34 24 9 21 49 25 33 15 52 43 1 10 45 43 25 0 0 22 62 0 40 7 38 62 0 15 
0 0 0 0 0 8 0 0 0 0 0 0 0 0 0 0 0 0 0 0 0 0 0 0 0 0 0 4 38 0 0 62 0 0 0 1 0 14 3 26 0 56 1 1 47 36 1 41 0 10 23 1 0 0 0 1 42 0 40 10 1 0 1 15 
0 0 0 0 0 1 0 0 0 0 0 0 0 0 0 0 0 0 0 0 0 0 0 0 0 0 0 0 0 0 55 0 0 33 61 17 58 0 1 27 9 1 52 60 1 1 0 1 1 0 22 35 0 57 53 56 43 57 40 1 55 0 30 15 
0 0 0 0 0 0 53 7 0 0 0 0 0 0 0 0 0 0 0 0 0 0 0 0 0 37 0 0 56 0 0 10 34 0 15 1 51 22 44 0 0 32 1 51 44 0 0 0 25 49 4 0 40 34 0 20 22 11 0 48 28 21 58 0 
0 0 0 0 0 0 14 0 42 0 0 0 0 0 0 0 0 0 0 0 0 0 0 0 0 49 0 0 56 42 0 22 0 0 0 1 3 32 20 58 0 57 0 46 61 0 0 51 55 49 0 50 20 18 0 20 15 26 13 38 0 35 58 34 
0 0 0 0 0 0 22 0 0 58 0 0 0 0 0 0 0 0 0 0 0 0 0 0 0 23 0 0 0 42 0 11 0 31 36 1 57 28 29 58 0 48 0 39 58 50 12 51 22 0 0 50 56 53 48 20 58 42 13 18 28 44 58 10 
0 0 0 0 0 0 63 0 0 0 6 0 0 0 0 0 0 0 0 0 0 0 0 0 0 58 0 0 56 61 0 25 0 0 49 1 37 41 57 0 0 25 0 49 38 50 12 51 46 0 4 50 13 17 48 20 62 18 13 8 0 24 0 59 
0 0 0 0 0 0 38 0 0 0 0 36 0 0 0 0 0 0 0 0 0 0 0 0 0 27 0 0 0 38 0 43 34 0 15 0 32 43 20 0 0 31 1 27 49 0 0 51 60 49 0 50 24 20 48 0 48 13 13 52 0 51 0 59 
0 0 0 0 0 0 56 0 0 0 0 0 53 0 0 0 0 0 0 0 0 0 0 0 0 61 0 0 56 12 0 50 34 0 1 1 37 25 42 0 0 40 1 5 8 50 12 51 48 0 0 0 19 21 0 0 19 15 0 48 28 44 0 32 
0 0 0 0 0 0 7 0 0 0 0 0 0 12 0 0 0 0 0 0 0 0 0 0 0 1 0 0 0 56 0 38 0 0 15 1 60 48 24 58 30 31 1 34 28 0 0 51 24 0 0 50 47 1 0 0 35 6 0 19 0 52 58 58 
0 0 0 0 0 0 42 0 0 0 0 0 0 0 0 0 0 0 0 0 0 0 0 0 0 19 0 0 0 30 0 19 0 0 27 0 13 16 37 0 30 25 0 49 11 0 12 0 41 49 0 50 58 58 0 20 31 9 0 16 28 38 58 43 
0 0 0 0 0 0 12 0 0 0 0 0 0 0 0 51 0 0 0 0 0 0 0 0 0 8 0 0 56 6 0 62 34 0 45 0 62 43 4 0 0 60 0 23 0 0 12 0 21 49 0 50 5 1 0 0 41 18 13 28 28 46 58 50 
0 0 0 0 0 0 14 0 0 0 0 0 0 0 0 0 1 0 0 0 0 0 0 0 0 59 0 0 0 54 0 6 0 31 59 0 21 3 49 58 0 16 1 11 25 50 12 0 3 0 0 50 21 0 0 20 54 1 13 4 0 12 58 53 
0 0 0 0 0 0 56 0 0 0 0 0 0 0 0 0 0 63 0 0 0 0 0 0 0 43 0 0 56 37 0 12 0 0 62 1 47 61 52 58 30 26 0 44 60 0 0 51 14 49 4 0 32 60 48 0 41 59 0 6 28 52 58 28 
0 0 0 0 0 0 25 0 0 0 0 0 0 0 0 0 0 0 42 0 0 0 0 0 0 39 0 0 0 22 0 2 0 0 39 1 37 2 35 58 30 24 1 38 28 50 0 0 50 49 4 0 0 24 0 20 45 27 13 14 0 62 58 5 
0 0 0 0 0 0 17 0 0 0 0 0 0 0 0 0 0 0 0 25 0 0 0 0 0 3 0 0 56 3 0 2 0 31 57 1 12 4 2 58 30 6 1 24 28 0 0 51 58 49 4 50 54 39 48 20 56 24 0 25 0 38 58 30 
0 0 0 0 0 0 46 0 0 0 0 0 0 0 0 0 0 0 0 0 15 0 0 0 0 5 0 0 56 9 0 55 0 31 5 1 26 31 1 58 0 58 0 61 6 50 0 0 32 0 4 0 52 45 0 20 22 12 0 38 28 42 0 38 
0 0 0 0 0 0 18 0 0 0 0 0 0 0 0 0 0 0 0 0 0 26 0 0 0 26 0 0 0 56 0 2 0 0 47 0 40 19 37 58 30 59 1 0 30 0 0 0 53 49 0 0 1 48 48 0 62 33 0 53 28 27 0 62 
0 0 0 0 0 0 30 0 0 0 0 0 0 0 0 0 0 0 0 0 0 0 11 0 0 5 0 0 56 10 0 36 0 31 5 0 23 15 46 0 30 20 1 63 57 50 12 51 20 49 4 50 59 29 48 20 41 21 0 61 28 13 0 55 
0 0 0 0 0 0 17 0 0 0 0 0 0 0 0 0 0 0 0 0 0 0 0 21 0 13 0 0 56 46 0 52 34 31 46 1 51 49 9 0 0 21 1 28 40 50 0 0 31 0 0 50 34 33 0 20 24 5 13 12 0 53 58 27 
0 0 0 0 0 0 60 0 0 0 0 0 0 0 0 0 0 0 0 0 0 0 0 0 8 1 0 0 56 6 0 56 0 0 32 0 12 27 13 58 30 35 0 50 5 0 0 51 13 49 4 0 3 47 48 0 8 26 13 16 28 9 0 30 
0 0 0 0 0 0 4 0 0 0 0 0 0 0 0 0 0 0 0 0 0 0 0 0 0 25 3 0 56 25 0 11 34 0 48 1 44 24 16 58 30 50 1 25 33 50 0 51 38 49 4 50 40 32 0 20 62 1 13 48 0 45 58 53 
0 0 0 0 0 0 36 0 0 0 0 0 0 0 0 0 0 0 0 0 0 0 0 0 0 63 0 8 56 22 0 28 0 0 1 0 1 19 49 58 0 31 0 1 47 0 0 0 1 49 4 0 49 1 0 0 20 1 13 61 0 14 0 59 
0 0 0 0 0 0 1 0 0 0 0 0 0 0 0 0 0 0 0 0 0 0 0 0 0 1 0 0 0 1 44 1 0 31 20 1 33 1 1 58 30 1 1 59 1 0 0 0 31 0 4 50 1 1 48 20 21 33 13 1 28 1 58 58 
0 0 0 0 0 0 0 56 9 0 0 0 0 0 0 0 0 0 0 0 0 0 0 0 0 37 0 0 33 42 0 0 62 0 15 33 51 0 0 44 0 57 35 51 61 0 0 26 0 42 53 25 40 48 0 57 0 26 10 0 35 54 17 0 
0 0 0 0 0 0 0 39 0 60 0 0 0 0 0 0 0 0 0 0 0 0 0 0 0 0 0 0 57 42 0 10 8 25 15 60 0 0 44 44 0 16 18 51 22 20 14 26 0 22 18 25 40 23 2 1 0 33 10 48 11 57 61 0 
0 0 0 0 0 0 0 35 0 0 21 0 0 0 0 0 0 0 0 0 0 0 0 0 0 0 0 0 20 61 0 0 49 0 0 11 0 0 0 0 0 25 23 0 10 20 14 26 0 48 38 25 40 51 2 46 22 25 10 0 41 13 47 0 
0 0 0 0 0 0 0 10 0 0 0 63 0 0 0 0 0 0 0 0 0 0 0 0 0 0 0 0 18 38 0 0 50 0 0 47 0 22 0 0 0 31 31 0 29 0 0 26 0 19 10 25 40 20 2 16 0 6 10 0 32 38 33 0 
0 0 0 0 0 0 0 0 0 0 0 0 10 0 0 0 0 0 0 0 0 0 0 0 0 37 0 0 56 12 0 10 20 0 0 56 51 22 0 0 0 8 56 51 36 20 14 26 25 16 19 0 40 21 0 54 22 15 0 0 34 57 5 0 
0 0 0 0 0 0 0 9 0 0 0 0 0 18 0 0 0 0 0 0 0 0 0 0 0 0 0 0 60 56 0 0 48 0 15 33 0 22 44 44 36 63 55 0 48 0 0 26 25 0 2 25 40 1 0 8 22 13 0 48 10 33 9 0 
0 0 0 0 0 0 0 36 0 0 0 0 0 0 36 0 0 0 0 0 0 0 0 0 0 0 0 0 32 30 0 0 49 0 0 31 0 0 0 0 36 57 42 0 11 0 14 0 25 25 57 25 0 24 0 3 22 9 0 0 13 38 33 0 
0 0 0 0 0 0 0 46 0 0 0 0 0 0 0 57 0 0 0 0 0 0 0 0 0 0 0 0 15 6 0 0 17 0 15 25 51 0 44 0 0 60 48 51 44 0 14 0 0 3 49 25 40 35 0 9 0 18 10 48 17 46 4 0 
0 0 0 0 0 0 0 34 0 0 0 0 0 0 0 0 43 0 0 0 0 0 0 0 0 0 0 0 26 54 0 0 22 25 0 17 0 22 44 44 0 48 22 0 53 20 14 0 0 39 17 25 0 34 0 11 22 1 10 48 56 25 21 0 
0 0 0 0 0 0 0 2 0 0 0 0 0 0 0 0 0 21 0 0 0 0 0 0 0 0 0 0 54 37 0 10 15 0 0 56 0 0 0 44 36 26 13 51 60 0 0 26 0 44 63 0 40 30 2 36 22 59 0 0 56 33 62 0 
0 0 0 0 0 0 0 25 0 0 0 0 0 0 0 0 0 0 9 0 0 0 0 0 0 0 0 0 3 22 0 10 41 0 0 53 51 0 0 44 36 24 9 51 48 20 0 0 25 53 47 0 40 58 0 53 0 16 10 48 40 43 52 0 
0 0 0 0 0 0 0 2 0 0 0 0 0 0 0 0 0 0 0 12 0 0 0 0 0 37 0 0 20 3 0 0 5 25 0 31 0 0 0 44 36 38 47 0 48 0 0 26 0 58 2 25 40 39 2 12 0 19 0 0 53 51 18 0 
0 0 0 0 0 0 0 40 0 0 0 0 0 0 0 0 0 0 0 0 32 0 0 0 0 0 0 0 31 9 0 0 43 25 0 31 0 0 0 44 0 58 5 0 6 20 0 0 0 11 3 0 40 15 0 24 22 12 0 0 9 42 34 0 
0 0 0 0 0 0 0 33 0 0 0 0 0 0 0 0 0 0 0 0 0 43 0 0 0 37 0 0 15 56 0 0 6 0 0 13 51 0 44 44 36 27 30 0 30 0 0 0 0 5 20 0 40 18 2 61 0 33 0 0 29 14 19 0 
0 0 0 0 0 0 0 44 0 0 0 0 0 0 0 0 0 0 0 0 0 0 27 0 0 0 0 0 61 10 0 10 56 25 15 15 0 22 0 0 36 20 56 0 21 20 14 26 25 18 45 25 0 29 2 28 22 21 0 48 43 13 9 0 
0 0 0 0 0 0 0 14 0 0 0 0 0 0 0 0 0 0 0 0 0 0 0 46 0 37 0 0 23 46 0 10 0 25 15 58 0 22 0 0 0 53 45 51 40 20 0 0 25 9 10 25 0 3 0 29 0 14 10 48 28 53 24 0 
0 0 0 0 0 0 0 44 0 0 0 0 0 0 0 0 0 0 0 0 0 0 0 0 27 37 0 0 30 6 0 10 23 0 0 15 51 22 44 44 36 35 22 51 5 0 0 26 25 13 39 0 40 47 2 11 0 17 10 48 35 28 30 0 
0 0 0 0 0 0 0 41 0 0 0 0 0 0 0 0 0 0 0 0 0 0 0 0 0 0 28 0 18 25 0 0 45 0 15 60 0 22 44 44 36 18 37 0 33 20 0 26 25 38 2 25 40 32 0 18 0 1 10 48 38 56 44 0 
0 0 0 0 0 0 0 49 0 0 0 0 0 0 0 0 0 0 0 0 0 0 0 0 0 0 0 47 50 22 0 10 2 0 0 1 0 22 44 44 0 63 1 0 47 0 0 0 0 4 56 0 0 1 0 1 22 1 10 48 1 14 1 0 
0 0 0 0 0 0 0 1 0 0 0 0 0 0 0 0 0 0 0 0 0 0 0 0 0 0 0 0 1 1 14 0 1 25 15 11 51 0 0 44 36 1 32 51 1 0 0 0 25 1 57 25 0 35 2 60 22 42 10 0 6 1 50 0 
0 0 0 0 0 0 0 0 55 0 0 0 0 0 0 0 0 0 0 0 0 0 0 0 0 23 0 0 57 0 0 22 0 25 36 29 57 0 20 59 0 57 0 9 61 35 50 61 0 22 0 60 44 39 6 56 0 26 55 38 35 15 44 40 
0 0 0 0 0 0 0 0 30 0 28 0 0 0 0 0 0 0 0 0 0 0 0 0 0 58 0 0 53 61 0 0 0 0 49 42 37 0 0 45 0 0 0 49 61 35 50 0 0 48 53 37 25 3 6 23 15 26 10 0 0 59 47 25 
0 0 0 0 0 0 0 0 47 0 0 39 0 0 0 0 0 0 0 0 0 0 0 0 0 27 0 0 18 12 0 0 62 0 15 47 32 32 0 45 0 0 35 27 61 0 0 41 0 57 0 7 12 20 6 16 0 26 55 0 0 16 33 59 
0 0 0 0 0 0 0 0 42 0 0 0 38 0 0 0 0 0 0 0 0 0 0 0 0 12 0 0 25 12 0 22 62 0 1 25 38 32 0 46 0 57 35 43 61 35 50 18 55 16 0 52 7 21 0 54 15 0 62 0 35 15 5 2 
0 0 0 0 0 0 0 0 11 0 0 0 0 52 0 0 0 0 0 0 0 0 0 0 0 1 0 0 60 56 0 0 0 0 15 0 60 32 20 47 1 57 35 34 61 0 0 61 55 0 0 3 59 1 0 8 15 26 17 38 0 23 24 58 
0 0 0 0 0 0 0 0 46 0 0 0 0 0 9 0 0 0 0 0 0 0 0 0 0 19 0 0 32 30 0 0 0 0 27 31 13 0 0 4 1 57 0 49 0 0 50 50 55 51 0 43 58 40 0 58 15 0 23 0 35 38 48 9 
0 0 0 0 0 0 0 0 18 0 0 0 0 0 0 18 0 0 0 0 0 0 0 0 0 8 0 0 46 44 0 0 62 0 45 25 61 0 20 53 0 0 0 57 61 0 50 7 0 41 0 9 17 19 0 9 0 0 63 38 35 46 21 16 
0 0 0 0 0 0 0 0 39 0 0 0 0 0 0 0 39 0 0 0 0 0 0 0 0 59 0 0 26 28 0 0 0 25 59 17 21 32 20 29 0 57 35 11 61 35 50 25 0 39 0 37 21 18 0 50 15 0 50 38 0 47 4 23 
0 0 0 0 0 0 0 0 15 0 0 0 0 0 0 0 0 36 0 0 0 0 0 0 0 43 0 0 23 15 0 22 0 0 62 25 47 0 0 57 1 0 0 2 0 0 0 43 0 6 53 49 52 46 6 36 15 0 57 0 35 23 47 62 
0 0 0 0 0 0 0 0 0 0 0 0 0 0 0 0 0 0 36 0 0 0 0 0 0 39 0 0 3 22 0 22 0 0 39 20 38 0 0 63 1 0 35 8 61 35 0 13 55 31 53 61 20 10 0 12 0 26 56 38 0 29 37 39 
0 0 0 0 0 0 0 0 62 0 0 0 0 0 0 0 0 0 0 56 0 0 0 0 0 50 0 0 53 3 0 0 0 25 57 62 12 0 0 25 1 57 35 24 61 0 0 42 0 16 53 5 34 39 6 53 0 26 36 0 0 5 3 30 
0 0 0 0 0 0 0 0 34 0 0 0 0 0 0 0 0 0 0 0 52 0 0 0 0 5 0 0 62 9 0 0 0 25 5 62 26 0 0 46 0 0 0 61 0 35 0 50 0 11 53 28 32 63 0 33 15 0 5 0 35 42 34 4 
0 0 0 0 0 0 0 0 28 0 0 0 0 0 0 0 0 0 0 0 0 27 0 0 0 43 0 0 15 18 0 0 0 0 47 13 43 0 20 39 1 57 35 0 0 0 0 56 0 47 0 5 21 34 6 61 0 0 56 0 35 56 19 28 
0 0 0 0 0 0 0 0 8 0 0 0 0 0 0 0 0 0 0 0 0 0 13 0 0 5 0 0 28 10 0 22 0 25 5 15 23 32 0 19 1 0 35 63 61 35 50 14 55 56 53 8 59 29 6 37 15 0 58 38 35 13 9 21 
0 0 0 0 0 0 0 0 20 0 0 0 0 0 0 0 0 0 0 0 0 0 0 50 0 60 0 0 54 4 0 22 62 25 46 27 51 32 0 29 0 57 35 50 0 35 0 17 55 9 0 19 34 51 0 36 0 26 58 38 0 53 9 27 
0 0 0 0 0 0 0 0 38 0 0 0 0 0 0 0 0 0 0 0 0 0 0 0 63 48 0 0 63 44 0 22 0 0 32 15 15 32 20 36 1 0 0 28 0 0 0 8 55 39 53 5 23 47 6 11 0 26 56 38 35 42 30 30 
0 0 0 0 0 0 0 0 29 0 0 0 0 0 0 0 0 0 0 0 0 0 0 0 0 25 51 0 51 25 0 0 62 0 48 29 44 32 20 55 1 57 35 25 0 35 0 9 55 12 53 51 60 32 0 43 0 0 11 38 0 14 61 23 
0 0 0 0 0 0 0 0 60 0 0 0 0 0 0 0 0 0 0 0 0 0 0 0 0 63 0 53 19 22 0 22 0 0 1 1 1 32 20 53 0 57 0 1 0 0 0 41 0 46 53 1 49 1 0 1 15 0 62 38 0 14 1 25 
0 0 0 0 0 0 0 0 1 0 0 0 0 0 0 0 0 0 0 0 0 0 0 0 0 1 0 0 1 1 16 0 0 25 20 42 34 0 0 52 1 0 35 21 0 0 0 1 55 1 53 59 1 19 6 5 15 26 63 0 35 1 35 24 
0 0 0 0 0 0 0 0 0 4 60 0 0 0 0 0 0 0 0 0 0 0 0 0 0 0 0 0 57 61 0 25 0 59 49 55 0 0 57 45 0 25 0 49 28 5 25 61 0 0 18 25 53 36 49 47 58 56 61 8 41 52 47 49 
0 0 0 0 0 0 0 0 0 50 0 4 0 0 0 0 0 0 0 0 0 0 0 0 0 0 0 0 0 12 0 43 8 37 15 47 0 28 20 45 0 31 18 27 11 1 31 20 0 22 0 59 32 20 61 16 0 39 0 52 32 31 33 59 
0 0 0 0 0 0 0 0 0 15 0 0 39 0 0 0 0 0 0 0 0 0 0 0 0 23 0 0 57 12 0 57 8 55 1 4 57 28 42 46 0 24 18 34 50 27 47 47 22 0 0 52 43 21 52 54 58 15 62 48 41 0 5 42 
0 0 0 0 0 0 0 0 0 55 0 0 0 44 0 0 0 0 0 0 0 0 0 0 0 0 0 0 0 56 0 38 0 45 43 29 0 28 5 20 40 47 18 34 38 4 40 0 22 0 0 63 23 1 41 8 58 44 17 1 10 24 52 58 
0 0 0 0 0 0 0 0 0 48 0 0 0 0 34 0 0 0 0 0 0 0 0 0 0 0 0 0 0 30 0 19 0 30 27 31 0 0 37 4 40 41 0 49 11 30 25 50 22 22 0 23 58 15 39 2 58 9 23 16 6 38 28 33 
0 0 0 0 0 0 0 0 0 52 0 0 0 0 0 60 0 0 0 0 0 0 0 0 0 0 0 0 57 44 0 62 8 9 9 25 57 0 25 53 0 60 0 48 58 20 24 7 0 22 0 53 61 52 2 9 0 18 8 14 26 46 57 56 
0 0 0 0 0 0 0 0 0 25 0 0 0 0 0 0 38 0 0 0 0 0 0 0 0 0 0 0 0 28 0 6 0 26 59 17 0 28 44 38 0 32 18 11 35 35 21 25 0 0 0 25 21 53 24 10 58 1 5 22 56 32 40 63 
0 0 0 0 0 0 0 0 0 38 0 0 0 0 0 0 0 51 0 0 0 0 0 0 0 0 0 0 57 15 0 7 0 57 62 4 0 0 52 2 40 26 0 11 60 46 51 22 0 22 18 49 24 9 22 36 58 59 57 6 51 24 3 22 
0 0 0 0 0 0 0 0 0 2 0 0 0 0 0 0 0 0 38 0 0 0 0 0 0 0 0 0 0 22 0 9 0 31 39 9 57 0 35 4 40 24 18 1 38 37 16 13 22 22 18 61 56 45 5 52 0 49 15 28 40 18 9 15 
0 0 0 0 0 0 0 0 0 35 0 0 0 0 0 0 0 0 0 3 0 0 0 0 0 23 0 0 57 3 0 2 0 62 57 35 0 0 2 34 40 54 18 24 38 47 63 23 0 22 18 57 14 39 48 13 0 50 36 25 53 10 47 30 
0 0 0 0 0 0 0 0 0 2 0 0 0 0 0 0 0 0 0 0 11 0 0 0 0 0 0 0 57 9 0 55 0 24 5 35 0 0 1 21 0 58 0 61 6 9 25 50 0 0 18 28 12 24 4 25 58 12 5 38 2 42 34 44 
0 0 0 0 0 0 0 0 0 17 0 0 0 0 0 0 0 0 0 0 0 2 0 0 0 23 0 0 0 18 0 2 0 57 47 13 57 0 56 28 40 11 18 0 30 40 21 56 0 22 0 5 57 5 45 61 0 33 56 53 22 55 19 52 
0 0 0 0 0 0 0 0 0 29 0 0 0 0 0 0 0 0 0 0 0 0 37 0 0 0 0 0 57 10 0 47 0 33 33 15 0 28 46 19 40 20 18 63 3 26 59 51 22 22 18 52 59 29 2 29 58 21 58 47 32 13 9 61 
0 0 0 0 0 0 0 0 0 57 0 0 0 0 0 0 0 0 0 0 0 0 0 60 0 23 0 0 57 4 0 63 8 26 10 6 0 28 9 29 0 37 18 59 40 2 25 17 22 0 0 47 34 20 8 28 0 47 13 30 28 53 37 27 
0 0 0 0 0 0 0 0 0 36 0 0 0 0 0 0 0 0 0 0 0 0 0 0 24 23 0 0 57 44 0 51 0 26 32 15 57 28 16 31 40 35 0 21 5 47 18 53 22 22 18 5 59 47 16 11 0 48 15 2 40 37 30 30 
0 0 0 0 0 0 0 0 0 2 0 0 0 0 0 0 0 0 0 0 0 0 0 0 0 0 1 0 57 25 0 11 8 39 20 0 0 28 13 12 40 2 18 25 33 39 52 52 22 22 18 15 16 32 36 19 0 1 60 34 38 1 17 63 
0 0 0 0 0 0 0 0 0 2 0 0 0 0 0 0 0 0 0 0 0 0 0 0 0 0 0 56 57 22 0 23 0 1 1 1 0 28 44 14 0 47 0 1 47 36 1 41 0 22 18 1 49 1 1 1 58 1 9 47 1 14 1 49 
0 0 0 0 0 0 0 0 0 1 0 0 0 0 0 0 0 0 0 0 0 0 0 0 0 0 0 0 0 1 16 1 0 63 48 55 57 0 1 15 40 1 18 28 1 1 0 1 22 0 18 7 1 52 37 61 58 11 8 1 13 1 15 48 
0 0 0 0 0 0 0 0 0 0 37 55 0 0 0 0 0 0 0 0 0 0 0 0 0 0 0 0 18 61 0 0 49 0 0 47 0 41 0 0 0 0 23 0 23 1 31 41 0 48 10 34 21 20 12 16 48 31 61 0 0 43 0 59 
0 0 0 0 0 0 0 0 0 0 60 0 18 0 0 0 0 0 0 0 0 0 0 0 0 58 0 0 44 0 0 25 49 0 0 51 37 41 0 0 0 25 23 49 46 30 54 18 46 0 19 52 30 21 52 54 45 15 62 0 41 52 0 27 
0 0 0 0 0 0 0 0 0 0 51 0 0 55 0 0 0 0 0 0 0 0 0 0 0 0 0 0 60 0 0 0 0 0 49 42 0 41 57 45 51 25 23 0 58 4 40 61 46 0 2 38 34 1 41 8 29 20 17 8 0 44 47 58 
0 0 0 0 0 0 0 0 0 0 35 0 0 0 9 0 0 0 0 0 0 0 0 0 0 0 0 0 32 0 0 0 0 0 0 31 0 0 0 0 51 25 0 0 11 30 0 50 46 48 57 14 58 43 39 45 33 9 23 0 41 38 47 16 
0 0 0 0 0 0 0 0 0 0 55 0 0 0 0 29 0 0 0 0 0 0 0 0 0 0 0 0 27 61 0 0 49 0 49 25 37 0 57 0 0 0 0 49 38 20 1 7 0 48 49 44 8 16 2 9 41 18 53 8 41 46 47 9 
0 0 0 0 0 0 0 0 0 0 38 0 0 0 0 0 47 0 0 0 0 0 0 0 0 0 0 0 26 61 0 0 0 59 0 17 0 41 57 45 0 25 23 0 63 38 12 25 0 0 17 0 21 17 24 37 8 1 56 8 0 20 47 14 
0 0 0 0 0 0 0 0 0 0 13 0 0 0 0 0 0 33 0 0 0 0 0 0 0 0 0 0 34 61 0 25 0 0 0 51 0 0 0 45 51 0 0 49 60 46 51 43 0 48 25 49 45 45 39 36 23 59 57 0 41 44 47 39 
0 0 0 0 0 0 0 0 0 0 35 0 0 0 0 0 0 0 57 0 0 0 0 0 0 0 0 0 3 0 0 25 0 0 0 62 37 0 0 45 51 0 23 49 58 32 16 13 46 48 9 61 13 9 5 27 45 9 50 8 0 38 47 62 
0 0 0 0 0 0 0 0 0 0 52 0 0 0 0 0 0 0 0 19 0 0 0 0 0 58 0 0 0 0 0 0 0 59 0 20 0 0 0 45 51 25 23 0 58 47 63 42 0 48 36 32 59 39 1 34 56 10 36 0 0 62 47 30 
0 0 0 0 0 0 0 0 0 0 25 0 0 0 0 0 0 0 0 0 18 0 0 0 0 0 0 0 11 0 0 0 0 59 0 20 0 0 0 45 0 0 0 0 6 12 25 50 0 0 37 28 57 60 4 54 40 12 5 0 41 42 0 29 
0 0 0 0 0 0 0 0 0 0 30 0 0 0 0 0 0 0 0 0 0 40 0 0 0 58 0 0 15 61 0 0 0 0 0 13 37 0 57 45 51 25 23 0 30 40 21 56 0 48 20 5 12 33 28 61 62 33 56 0 41 3 0 5 
0 0 0 0 0 0 0 0 0 0 54 0 0 0 0 0 0 0 0 0 0 0 3 0 0 0 0 0 41 0 0 25 0 59 49 15 0 41 0 0 51 0 23 0 31 31 34 14 46 48 11 45 59 29 51 50 23 21 58 8 41 13 0 12 
0 0 0 0 0 0 0 0 0 0 38 0 0 0 0 0 0 0 0 0 0 0 0 16 0 58 0 0 3 61 0 25 49 59 49 49 0 41 0 0 0 25 23 49 40 7 25 17 46 0 10 54 34 48 8 51 24 23 48 8 0 53 47 27 
0 0 0 0 0 0 0 0 0 0 23 0 0 0 0 0 0 0 0 0 0 0 0 0 8 58 0 0 10 61 0 25 0 0 0 15 37 41 57 45 51 0 0 49 5 47 18 8 46 48 1 5 14 47 33 11 8 8 50 8 41 17 0 30 
0 0 0 0 0 0 0 0 0 0 14 0 0 0 0 0 0 0 0 0 0 0 0 0 0 0 2 0 6 0 0 0 49 0 49 55 0 41 57 45 51 25 23 0 33 34 52 9 46 48 36 22 37 32 36 60 62 1 1 8 0 53 47 14 
0 0 0 0 0 0 0 0 0 0 33 0 0 0 0 0 0 0 0 0 0 0 0 0 0 0 0 15 38 0 0 25 0 0 0 1 0 41 57 45 0 25 0 0 47 36 1 41 0 48 30 1 49 1 1 1 42 1 52 8 0 14 0 0 
0 0 0 0 0 0 0 0 0 0 1 0 0 0 0 0 0 0 0 0 0 0 0 0 0 0 0 0 1 0 7 0 0 59 49 0 37 0 0 45 51 0 23 49 1 1 0 1 46 0 31 30 1 16 20 18 43 51 53 0 41 1 47 1 
0 0 0 0 0 0 0 0 0 0 0 9 58 0 0 0 0 0 0 0 0 0 0 0 0 27 0 0 18 12 0 43 38 0 0 47 32 50 0 0 0 31 39 27 57 1 31 59 60 16 0 52 11 0 52 0 48 15 62 0 32 31 0 59 
0 0 0 0 0 0 0 0 0 0 0 60 0 58 0 0 0 0 0 0 0 0 0 0 0 0 0 0 0 56 0 0 48 0 15 47 0 27 20 45 6 31 40 0 45 0 0 20 60 0 0 4 55 0 41 0 48 11 17 52 0 7 33 0 
0 0 0 0 0 0 0 0 0 0 0 19 0 0 56 0 0 0 0 0 0 0 0 0 0 0 0 0 0 30 0 0 49 0 0 0 0 16 0 0 6 31 42 0 11 0 31 50 60 10 0 44 58 20 39 16 48 9 23 0 32 38 33 59 
0 0 0 0 0 0 0 0 0 0 0 63 0 0 0 37 0 0 0 0 0 0 0 0 0 0 0 0 18 32 0 0 35 0 15 0 32 43 20 0 0 0 48 27 49 0 31 7 0 16 0 14 29 20 2 0 0 18 8 52 32 46 33 59 
0 0 0 0 0 0 0 0 0 0 0 21 0 0 0 0 56 0 0 0 0 0 0 0 0 0 0 0 0 16 0 0 22 37 0 0 0 40 20 45 0 31 9 0 40 1 31 25 0 39 0 34 21 20 24 16 48 1 5 52 0 63 33 59 
0 0 0 0 0 0 0 0 0 0 0 14 0 0 0 0 0 2 0 0 0 0 0 0 0 0 0 0 18 3 0 43 15 0 0 47 0 61 0 45 6 0 13 27 60 0 0 2 0 63 10 49 56 20 43 0 48 59 57 0 32 7 33 59 
0 0 0 0 0 0 0 0 0 0 0 1 0 0 0 0 0 0 4 0 0 0 0 0 0 0 0 0 0 22 0 43 41 0 0 47 32 2 0 45 6 0 22 27 45 1 0 13 60 38 10 61 24 20 5 16 0 22 15 52 0 13 33 59 
0 0 0 0 0 0 0 0 0 0 0 32 0 0 0 0 0 0 0 59 0 0 0 0 0 27 0 0 18 3 0 0 5 37 0 47 0 4 0 45 6 31 48 0 45 0 0 3 0 41 10 2 46 0 13 16 0 21 36 0 0 21 33 0 
0 0 0 0 0 0 0 0 0 0 0 41 0 0 0 0 0 0 0 0 37 0 0 0 0 0 0 0 18 9 0 0 43 37 0 47 0 31 0 45 0 0 5 0 6 1 0 50 0 11 10 28 44 20 4 16 48 12 5 0 32 42 0 59 
0 0 0 0 0 0 0 0 0 0 0 22 0 0 0 0 0 0 0 0 0 26 0 0 0 27 0 0 0 30 0 0 6 0 0 0 32 19 20 45 6 31 1 0 30 0 0 56 0 22 0 5 25 20 16 0 0 33 56 0 32 40 0 59 
0 0 0 0 0 0 0 0 0 0 0 0 0 0 0 0 0 0 0 0 0 0 50 0 0 0 0 0 18 10 0 43 56 37 15 0 0 36 0 0 6 0 39 0 8 1 31 39 60 1 10 15 59 0 63 16 48 21 58 52 32 13 0 59 
0 0 0 0 0 0 0 0 0 0 0 44 0 0 0 0 0 0 0 0 0 0 0 43 0 27 0 0 18 8 0 43 50 37 15 47 0 26 0 0 0 31 50 27 40 1 0 17 60 9 0 20 34 20 8 16 0 8 13 52 0 53 33 0 
0 0 0 0 0 0 0 0 0 0 0 1 0 0 0 0 0 0 0 0 0 0 0 0 14 27 0 0 18 32 0 43 23 0 0 0 32 48 20 45 6 0 22 27 5 0 0 33 60 30 10 5 27 0 45 0 0 23 15 52 32 58 0 0 
0 0 0 0 0 0 0 0 0 0 0 16 0 0 0 0 0 0 0 0 0 0 0 0 0 0 54 0 18 25 0 0 31 0 15 47 0 51 20 45 6 31 58 0 33 1 0 32 60 53 10 52 48 0 36 16 0 1 60 52 0 30 33 59 
0 0 0 0 0 0 0 0 0 0 0 27 0 0 0 0 0 0 0 0 0 0 0 0 0 0 0 1 18 22 0 43 2 0 0 0 0 56 20 45 0 31 1 0 47 0 0 41 0 23 10 1 49 0 1 0 48 1 9 52 0 14 0 59 
0 0 0 0 0 0 0 0 0 0 0 1 0 0 0 0 0 0 0 0 0 0 0 0 0 0 0 0 0 1 46 0 1 37 15 47 32 1 0 45 6 0 63 27 1 0 0 1 60 1 10 60 1 20 24 16 48 44 8 0 32 1 33 59 
0 0 0 0 0 0 0 0 0 0 0 0 18 63 0 0 0 0 0 0 0 0 0 0 0 1 0 0 60 0 0 38 48 0 1 25 60 41 42 46 59 55 15 34 20 4 40 47 40 0 0 52 60 0 0 0 48 15 0 48 10 24 5 58 
0 0 0 0 0 0 0 0 0 0 0 0 32 0 1 0 0 0 0 0 0 0 0 0 0 19 0 0 32 0 0 19 49 0 0 31 13 16 0 0 59 49 42 49 11 30 54 50 25 16 0 52 58 21 0 54 12 0 0 0 47 38 5 11 
0 0 0 0 0 0 0 0 0 0 0 0 19 0 0 12 0 0 0 0 0 0 0 0 0 8 0 0 55 12 0 62 5 0 1 25 27 43 42 0 0 60 48 18 8 20 55 7 21 16 0 52 22 21 0 0 41 0 62 48 51 46 5 18 
0 0 0 0 0 0 0 0 0 0 0 0 3 0 0 0 10 0 0 0 0 0 0 0 0 59 0 0 26 12 0 6 22 55 0 17 21 26 42 46 0 56 46 11 17 56 58 25 3 0 0 52 21 21 0 54 37 0 62 48 56 32 5 21 
0 0 0 0 0 0 0 0 0 0 0 0 16 0 0 0 0 51 0 0 0 0 0 0 0 43 0 0 14 12 0 62 15 0 0 0 47 61 0 46 59 26 13 41 60 46 51 57 14 16 19 0 51 21 52 0 58 0 0 0 26 24 5 60 
0 0 0 0 0 0 0 0 0 0 0 0 2 0 0 0 0 0 48 0 0 0 0 0 0 39 0 0 3 0 0 48 41 0 0 13 0 2 0 46 59 24 49 35 20 62 16 13 2 16 19 0 19 21 0 54 45 15 62 48 40 18 5 37 
0 0 0 0 0 0 0 0 0 0 0 0 63 0 0 0 0 0 0 51 0 0 0 0 0 62 0 0 44 0 0 2 5 55 0 39 12 4 0 46 59 46 23 24 20 47 63 56 58 16 19 52 37 0 52 54 56 15 0 0 53 10 5 30 
0 0 0 0 0 0 0 0 0 0 0 0 63 0 0 0 0 0 0 0 0 0 0 0 0 5 0 0 39 0 0 55 43 55 0 39 26 31 0 46 0 58 5 61 6 18 25 50 32 0 19 0 39 21 0 54 5 0 0 0 43 42 0 6 
0 0 0 0 0 0 0 0 0 0 0 0 23 0 0 0 0 0 0 0 0 60 0 0 0 39 0 0 15 12 0 2 6 0 0 13 13 19 42 46 59 19 38 0 30 40 21 56 53 16 0 0 18 21 52 0 62 0 0 0 63 55 0 30 
0 0 0 0 0 0 0 0 0 0 0 0 7 0 0 0 0 0 0 0 0 0 2 0 0 5 0 0 5 0 0 22 56 55 1 15 23 22 0 0 59 20 0 63 49 1 20 28 36 16 19 52 59 0 52 54 58 0 0 48 9 13 0 23 
0 0 0 0 0 0 0 0 0 0 0 0 12 0 0 0 0 0 0 0 0 0 0 0 0 48 0 0 47 12 0 6 20 55 1 2 51 40 0 0 0 61 21 25 40 25 25 17 47 0 0 52 34 21 0 54 24 15 62 48 28 53 5 27 
0 0 0 0 0 0 0 0 0 0 0 0 10 0 0 0 0 0 0 0 0 0 0 0 53 60 0 0 38 12 0 10 23 0 0 15 41 2 42 46 59 35 22 55 5 47 18 26 61 16 19 0 16 0 52 0 8 15 62 48 1 37 0 30 
0 0 0 0 0 0 0 0 0 0 0 0 55 0 0 0 0 0 0 0 0 0 0 0 0 25 63 0 42 0 0 11 57 0 1 4 44 1 42 46 59 26 29 25 33 60 52 27 22 16 19 52 59 0 0 54 62 0 62 48 38 1 5 21 
0 0 0 0 0 0 0 0 0 0 0 0 40 0 0 0 0 0 0 0 0 0 0 0 0 63 0 24 10 0 0 46 2 0 0 1 1 10 42 46 0 55 1 1 47 36 1 41 1 16 19 0 49 0 0 0 7 0 62 48 1 14 0 27 
0 0 0 0 0 0 0 0 0 0 0 0 1 0 0 0 0 0 0 0 0 0 0 0 0 1 0 0 1 0 31 1 1 55 1 51 4 1 0 46 59 1 24 62 1 1 0 1 47 0 19 52 1 21 52 54 6 15 62 0 36 1 5 26 
0 0 0 0 0 0 0 0 0 0 0 0 0 29 48 0 0 0 0 0 0 0 0 0 0 0 0 0 0 0 0 0 0 0 27 31 0 16 37 4 6 6 42 0 11 0 40 50 49 0 0 40 58 1 0 8 60 9 0 16 10 38 40 58 
0 0 0 0 0 0 0 0 0 0 0 0 0 34 0 36 0 0 0 0 0 0 0 0 0 0 0 0 60 56 0 0 48 0 34 25 60 43 28 53 58 60 48 34 28 0 40 7 21 0 0 10 42 1 0 0 41 18 17 15 10 46 13 58 
0 0 0 0 0 0 0 0 0 0 0 0 0 0 0 0 20 0 0 0 0 0 0 0 0 0 0 0 0 56 0 0 0 45 59 17 0 51 41 50 12 15 33 0 5 4 40 25 3 0 0 38 21 1 0 8 21 1 17 23 0 56 28 58 
0 0 0 0 0 0 0 0 0 0 0 0 0 8 0 0 0 7 0 0 0 0 0 0 0 0 0 0 60 56 0 38 0 0 62 25 0 61 52 22 19 26 13 34 60 0 0 22 14 0 2 49 15 1 41 0 10 59 0 6 10 0 55 58 
0 0 0 0 0 0 0 0 0 0 0 0 0 35 0 0 0 0 26 0 0 0 0 0 0 0 0 0 0 0 0 38 0 0 39 20 60 2 35 16 16 24 62 34 0 4 0 13 42 0 2 61 47 1 0 8 45 29 17 29 0 10 61 58 
0 0 0 0 0 0 0 0 0 0 0 0 0 15 0 0 0 0 0 19 0 0 0 0 0 1 0 0 60 0 0 0 0 45 57 62 0 4 2 54 55 25 24 0 0 0 0 23 58 0 2 6 25 0 41 8 56 30 0 25 0 18 27 0 
0 0 0 0 0 0 0 0 0 0 0 0 0 23 0 0 0 0 0 0 3 0 0 0 0 0 0 0 60 0 0 0 0 45 5 62 0 31 1 1 34 58 5 0 6 4 0 50 32 0 2 28 27 1 0 8 53 12 0 38 10 42 34 58 
0 0 0 0 0 0 0 0 0 0 0 0 0 57 0 0 0 0 0 0 0 23 0 0 0 1 0 0 0 56 0 0 0 0 47 13 60 19 61 8 59 36 41 0 30 0 0 56 53 0 0 5 46 1 41 0 62 33 0 53 10 47 19 58 
0 0 0 0 0 0 0 0 0 0 0 0 0 37 0 0 0 0 0 0 0 0 19 0 0 0 0 0 60 0 0 38 0 45 10 15 0 63 46 19 16 20 15 0 37 4 40 51 12 0 2 11 59 0 41 8 10 21 0 46 10 13 9 58 
0 0 0 0 0 0 0 0 0 0 0 0 0 12 0 0 0 0 0 0 0 0 0 26 0 1 0 0 60 56 0 38 48 45 33 27 0 1 9 29 61 10 26 34 40 4 0 17 7 0 0 16 34 1 0 8 24 3 17 31 0 53 17 0 
0 0 0 0 0 0 0 0 0 0 0 0 0 59 0 0 0 0 0 0 0 0 0 0 3 1 0 0 60 56 0 38 0 0 32 15 60 43 21 11 52 35 22 34 5 0 0 53 21 0 2 5 44 0 41 0 8 28 17 3 10 61 30 0 
0 0 0 0 0 0 0 0 0 0 0 0 0 11 0 0 0 0 0 0 0 0 0 0 0 0 7 0 60 0 0 0 48 0 63 29 0 40 8 24 57 45 18 0 33 4 0 52 62 0 2 48 7 0 0 8 62 1 17 35 0 25 37 58 
0 0 0 0 0 0 0 0 0 0 0 0 0 28 0 0 0 0 0 0 0 0 0 0 0 0 0 8 60 0 0 38 0 0 1 1 0 35 41 26 1 0 1 0 47 0 0 41 1 0 2 1 49 0 0 0 55 1 17 46 0 14 1 58 
0 0 0 0 0 0 0 0 0 0 0 0 0 1 0 0 0 0 0 0 0 0 0 0 0 0 0 0 0 0 32 0 0 45 27 42 60 1 1 27 34 1 23 34 1 0 0 1 7 0 2 56 1 1 41 8 54 39 17 1 10 1 59 58 
0 0 0 0 0 0 0 0 0 0 0 0 0 0 0 60 0 0 0 0 0 0 0 0 0 0 0 0 32 30 0 0 49 0 27 0 13 0 37 0 58 60 0 49 11 0 1 0 21 26 0 34 58 59 0 9 41 0 23 16 28 0 37 25 
0 0 0 0 0 0 0 0 0 0 0 0 0 0 54 0 45 0 0 0 0 0 0 0 0 0 0 0 0 30 0 0 0 30 0 0 0 16 37 4 12 9 42 0 11 30 12 0 3 39 0 14 0 58 0 8 41 0 23 16 56 38 52 30 
0 0 0 0 0 0 0 0 0 0 0 0 0 0 48 0 0 51 0 0 0 0 0 0 0 0 0 0 32 30 0 19 0 0 0 31 0 0 0 4 21 26 0 49 0 0 51 50 14 53 57 49 58 6 39 36 54 0 0 0 53 38 31 55 
0 0 0 0 0 0 0 0 0 0 0 0 0 0 13 0 0 0 52 0 0 0 0 0 0 0 0 0 0 0 0 19 0 0 0 31 13 0 0 4 22 24 42 49 11 30 16 0 27 44 57 61 58 34 0 54 45 9 23 16 40 38 21 46 
0 0 0 0 0 0 0 0 0 0 0 0 0 0 20 0 0 0 0 61 0 0 0 0 0 19 0 0 32 0 0 0 0 30 0 31 0 0 0 4 49 31 42 0 11 0 63 50 58 35 57 46 58 39 39 15 56 9 0 0 53 38 51 30 
0 0 0 0 0 0 0 0 0 0 0 0 0 0 29 0 0 0 0 0 8 0 0 0 0 0 0 0 32 0 0 0 0 30 0 31 0 0 0 4 34 58 0 0 0 30 25 0 32 11 57 28 58 23 0 27 9 0 0 0 4 0 34 13 
0 0 0 0 0 0 0 0 0 0 0 0 0 0 8 0 0 0 0 0 0 7 0 0 0 19 0 0 0 30 0 0 0 0 0 0 13 0 37 4 61 34 42 0 0 0 21 0 53 28 0 5 58 10 39 61 62 0 0 0 16 38 19 21 
0 0 0 0 0 0 0 0 0 0 0 0 0 0 62 0 0 0 0 0 0 0 1 0 0 0 0 0 32 0 0 19 0 30 27 0 0 16 0 0 22 20 42 0 11 30 34 50 61 11 57 35 0 29 39 31 54 0 0 16 38 0 9 28 
0 0 0 0 0 0 0 0 0 0 0 0 0 0 24 0 0 0 0 0 0 0 0 6 0 19 0 0 32 30 0 19 49 30 27 31 0 16 0 0 61 12 42 49 0 30 25 0 54 9 0 56 0 27 0 30 24 9 23 16 28 0 57 27 
0 0 0 0 0 0 0 0 0 0 0 0 0 0 24 0 0 0 0 0 0 0 0 0 54 19 0 0 32 30 0 19 0 0 0 0 13 16 37 4 50 35 0 49 0 0 18 50 36 20 57 5 58 47 39 11 8 9 23 16 46 38 30 30 
0 0 0 0 0 0 0 0 0 0 0 0 0 0 63 0 0 0 0 0 0 0 0 0 0 0 15 0 32 0 0 0 49 0 27 31 0 16 37 4 63 43 42 0 0 30 52 50 15 63 57 24 58 32 0 17 62 0 23 16 38 38 13 30 
0 0 0 0 0 0 0 0 0 0 0 0 0 0 35 0 0 0 0 0 0 0 0 0 0 0 0 55 32 0 0 19 0 0 0 0 0 16 37 4 1 6 0 0 0 0 1 0 1 29 57 1 0 1 0 1 11 0 23 16 1 0 1 16 
0 0 0 0 0 0 0 0 0 0 0 0 0 0 1 0 0 0 0 0 0 0 0 0 0 0 0 0 0 0 41 0 0 30 27 31 13 0 0 4 36 1 42 49 0 0 0 0 54 1 57 16 0 59 39 63 10 9 23 0 11 0 19 17 
0 0 0 0 0 0 0 0 0 0 0 0 0 0 0 44 10 0 0 0 0 0 0 0 0 0 0 0 26 48 0 0 22 9 59 0 21 43 53 53 0 60 48 11 25 20 13 0 0 39 0 44 21 1 0 9 41 0 13 24 56 46 17 7 
0 0 0 0 0 0 0 0 0 0 0 0 0 0 0 27 0 32 0 0 0 0 0 0 0 0 0 0 57 35 0 62 15 0 62 25 47 0 52 53 58 0 0 59 60 0 51 7 0 47 49 49 37 61 2 0 41 0 57 6 41 46 58 46 
0 0 0 0 0 0 0 0 0 0 0 0 0 0 0 0 0 0 23 0 0 0 0 0 0 0 0 0 3 22 0 62 41 0 39 25 27 0 35 53 58 0 48 49 28 20 16 0 21 54 49 61 5 25 0 9 0 18 7 18 40 46 48 55 
0 0 0 0 0 0 0 0 0 0 0 0 0 0 0 42 0 0 0 58 0 0 0 0 0 8 0 0 27 3 0 0 5 9 57 25 12 0 2 53 58 60 48 24 28 0 63 7 0 57 49 12 51 39 2 9 0 18 36 25 53 46 22 30 
0 0 0 0 0 0 0 0 0 0 0 0 0 0 0 50 0 0 0 0 31 0 0 0 0 0 0 0 16 9 0 0 43 9 5 25 26 0 1 53 0 0 0 61 6 20 25 0 0 11 49 28 49 44 0 9 41 0 5 38 24 0 34 20 
0 0 0 0 0 0 0 0 0 0 0 0 0 0 0 2 0 0 0 0 0 53 0 0 0 8 0 0 15 62 0 0 6 0 47 0 22 0 33 53 58 60 48 0 30 0 21 0 0 6 0 5 4 49 2 0 0 0 56 53 12 46 19 12 
0 0 0 0 0 0 0 0 0 0 0 0 0 0 0 48 0 0 0 0 0 0 5 0 0 0 0 0 50 10 0 62 56 9 40 0 23 43 46 0 58 0 48 63 57 20 35 7 21 17 49 1 59 29 2 9 41 0 58 33 58 0 9 5 
0 0 0 0 0 0 0 0 0 0 0 0 0 0 0 58 0 0 0 0 0 0 0 9 0 8 0 0 24 40 0 62 17 9 3 25 51 43 9 0 0 60 48 11 40 20 25 0 21 9 0 26 34 32 0 9 0 18 5 16 28 0 28 27 
0 0 0 0 0 0 0 0 0 0 0 0 0 0 0 9 0 0 0 0 0 0 0 0 50 8 0 0 17 0 0 62 23 0 32 0 50 43 9 53 58 0 0 37 5 0 18 7 21 14 49 5 6 47 2 0 0 18 7 12 50 46 30 30 
0 0 0 0 0 0 0 0 0 0 0 0 0 0 0 15 0 0 0 0 0 0 0 0 0 0 16 0 29 25 0 0 60 0 29 25 44 43 20 53 58 60 48 25 33 20 52 7 21 37 49 58 45 32 0 9 0 0 52 44 38 46 40 7 
0 0 0 0 0 0 0 0 0 0 0 0 0 0 0 41 0 0 0 0 0 0 0 0 0 0 0 51 61 22 0 62 2 0 1 0 1 43 53 53 0 60 0 1 47 0 1 0 0 7 49 1 49 1 0 0 41 0 1 33 1 0 1 9 
0 0 0 0 0 0 0 0 0 0 0 0 0 0 0 1 0 0 0 0 0 0 0 0 0 0 0 0 1 1 34 0 1 9 57 25 31 0 1 53 58 0 48 44 1 0 0 0 21 1 49 50 1 0 2 9 41 18 0 1 23 0 54 8 
0 0 0 0 0 0 0 0 0 0 0 0 0 0 0 0 8 40 0 0 0 0 0 0 0 0 0 0 26 19 0 6 0 57 0 17 0 61 52 36 12 26 13 11 60 46 51 25 0 39 17 49 21 60 24 36 31 0 57 6 56 56 43 41 
0 0 0 0 0 0 0 0 0 0 0 0 0 0 0 0 4 0 34 0 0 0 0 0 0 0 0 0 0 22 0 6 0 31 0 17 21 2 35 34 12 24 31 11 5 6 16 0 3 39 17 61 21 24 0 62 45 1 10 10 0 50 33 48 
0 0 0 0 0 0 0 0 0 0 0 0 0 0 0 0 56 0 0 18 0 0 0 0 0 59 0 0 26 3 0 0 0 36 0 17 0 4 2 4 12 22 57 0 5 47 63 25 0 39 17 32 21 39 24 7 56 1 36 25 0 42 7 30 
0 0 0 0 0 0 0 0 0 0 0 0 0 0 0 0 33 0 0 0 54 0 0 0 0 0 0 0 26 9 0 0 0 2 0 17 0 31 1 51 0 58 5 0 6 42 25 0 0 0 17 28 21 45 0 19 32 0 5 38 56 42 34 19 
0 0 0 0 0 0 0 0 0 0 0 0 0 0 0 0 31 0 0 0 0 18 0 0 0 59 0 0 0 14 0 0 0 57 0 0 21 19 20 58 12 43 8 0 30 40 21 0 0 39 0 5 21 48 24 61 62 0 56 53 56 23 19 11 
0 0 0 0 0 0 0 0 0 0 0 0 0 0 0 0 30 0 0 0 0 0 42 0 0 0 0 0 26 10 0 6 0 59 59 0 0 12 46 19 12 20 46 0 32 57 46 25 3 39 17 45 0 29 24 23 31 0 58 57 56 13 9 2 
0 0 0 0 0 0 0 0 0 0 0 0 0 0 0 0 38 0 0 0 0 0 0 40 0 59 0 0 26 24 0 6 22 0 59 17 0 50 9 29 0 5 59 11 40 33 25 0 3 0 0 54 0 33 0 22 24 1 8 8 0 53 13 27 
0 0 0 0 0 0 0 0 0 0 0 0 0 0 0 0 29 0 0 0 0 0 0 0 7 59 0 0 26 48 0 6 0 26 0 0 21 24 60 57 12 35 22 11 5 47 18 25 3 39 17 5 21 47 24 11 8 1 10 20 56 5 30 30 
0 0 0 0 0 0 0 0 0 0 0 0 0 0 0 0 13 0 0 0 0 0 0 0 0 0 26 0 26 25 0 0 22 39 59 17 0 27 33 42 12 34 51 0 33 4 52 25 3 39 17 22 21 32 0 25 62 0 57 52 0 33 57 0 
0 0 0 0 0 0 0 0 0 0 0 0 0 0 0 0 50 0 0 0 0 0 0 0 0 0 0 55 26 22 0 6 0 1 0 0 0 16 0 40 0 15 1 0 47 36 1 0 0 39 17 1 0 1 0 1 34 0 12 57 0 14 1 14 
0 0 0 0 0 0 0 0 0 0 0 0 0 0 0 0 1 0 0 0 0 0 0 0 0 0 0 0 0 1 41 0 0 37 59 17 21 1 1 41 12 1 54 11 1 1 0 0 3 0 17 30 0 1 24 55 35 1 13 1 56 1 39 15 
0 0 0 0 0 0 0 0 0 0 0 0 0 0 0 0 0 31 41 0 0 0 0 0 0 0 0 0 3 22 0 14 0 0 0 13 47 0 0 6 3 0 13 10 60 46 0 13 14 25 16 0 32 36 5 36 45 59 57 6 40 10 10 25 
0 0 0 0 0 0 0 0 0 0 0 0 0 0 0 0 0 23 0 2 0 0 0 0 0 43 0 0 34 3 0 2 0 57 0 39 0 0 0 32 36 26 13 24 60 0 0 1 0 22 61 49 22 39 38 36 56 59 0 0 53 18 44 30 
0 0 0 0 0 0 0 0 0 0 0 0 0 0 0 0 0 38 0 0 33 0 0 0 0 0 0 0 41 9 0 55 0 57 0 39 0 0 0 23 34 0 0 61 0 46 0 50 0 11 60 0 20 17 4 36 63 0 0 0 49 42 34 58 
0 0 0 0 0 0 0 0 0 0 0 0 0 0 0 0 0 15 0 0 0 46 0 0 0 43 0 0 15 29 0 2 0 0 0 13 47 0 52 30 40 26 13 0 0 0 0 56 0 41 20 0 33 12 59 0 62 0 0 0 37 47 19 34 
0 0 0 0 0 0 0 0 0 0 0 0 0 0 0 0 0 21 0 0 0 0 32 0 0 0 0 0 11 10 0 40 0 57 62 15 0 61 0 19 3 0 13 63 60 46 51 37 14 62 18 49 59 29 20 36 0 0 0 6 19 13 9 43 
0 0 0 0 0 0 0 0 0 0 0 0 0 0 0 0 0 63 0 0 0 0 0 57 0 43 0 0 33 11 0 56 15 57 62 2 0 61 0 29 61 26 13 48 0 46 0 17 14 9 10 49 34 29 8 36 24 59 57 6 28 53 38 27 
0 0 0 0 0 0 0 0 0 0 0 0 0 0 0 0 0 24 0 0 0 0 0 0 31 43 0 0 40 35 0 52 0 0 0 15 47 61 52 29 39 0 0 30 0 0 0 35 14 33 24 0 35 47 6 0 8 59 57 6 27 61 30 30 
0 0 0 0 0 0 0 0 0 0 0 0 0 0 0 0 0 26 0 0 0 0 0 0 0 0 19 0 36 25 0 11 15 0 62 4 0 61 52 14 42 26 13 25 0 46 0 34 14 10 61 49 8 32 36 36 62 0 57 6 38 25 18 41 
0 0 0 0 0 0 0 0 0 0 0 0 0 0 0 0 0 33 0 0 0 0 0 0 0 0 0 17 4 22 0 16 0 0 0 1 0 61 52 12 1 26 0 1 0 0 0 41 0 40 7 0 49 1 1 0 61 0 57 6 1 14 1 39 
0 0 0 0 0 0 0 0 0 0 0 0 0 0 0 0 0 1 0 0 0 0 0 0 0 0 0 0 1 1 29 1 0 57 62 51 47 0 0 13 49 0 13 23 0 0 0 1 14 1 6 49 1 61 51 36 60 59 57 0 62 1 12 38 
0 0 0 0 0 0 0 0 0 0 0 0 0 0 0 0 0 0 0 8 0 0 0 0 0 39 0 0 3 0 0 2 0 31 0 42 12 0 0 38 39 24 38 24 0 47 0 13 58 15 45 61 54 39 5 57 0 3 36 25 0 24 38 30 
0 0 0 0 0 0 0 0 0 0 0 0 0 0 0 0 0 0 51 0 23 0 0 0 0 0 0 0 3 0 0 55 0 31 0 42 26 0 0 17 34 0 5 61 6 44 0 0 32 11 44 0 52 53 0 45 45 12 5 38 40 42 34 35 
0 0 0 0 0 0 0 0 0 0 0 0 0 0 0 0 0 0 42 0 0 31 0 0 0 39 0 0 0 22 0 2 0 0 0 13 13 0 35 24 43 24 23 0 30 40 0 0 53 48 20 0 1 40 5 61 0 33 56 53 40 37 19 59 
0 0 0 0 0 0 0 0 0 0 0 0 0 0 0 0 0 0 4 0 0 0 40 0 0 0 0 0 3 0 0 38 0 31 39 15 23 2 0 19 0 0 49 63 37 63 16 13 38 39 2 61 59 29 5 41 45 21 58 51 40 13 9 50 
0 0 0 0 0 0 0 0 0 0 0 0 0 0 0 0 0 0 19 0 0 0 0 27 0 39 0 0 3 22 0 54 41 31 39 15 51 2 0 29 61 24 36 58 40 39 0 0 45 9 10 61 34 57 0 40 0 30 2 2 0 53 44 27 
0 0 0 0 0 0 0 0 0 0 0 0 0 0 0 0 0 0 39 0 0 0 0 0 49 39 0 0 3 22 0 58 0 0 0 15 41 2 35 27 36 0 22 20 5 47 0 13 63 56 8 0 3 47 5 11 0 1 0 30 40 55 30 30 
0 0 0 0 0 0 0 0 0 0 0 0 0 0 0 0 0 0 13 0 0 0 0 0 0 0 17 0 3 0 0 11 41 0 39 9 44 2 35 8 41 24 44 25 33 2 0 13 20 19 45 61 40 32 0 39 0 1 51 62 0 19 24 48 
0 0 0 0 0 0 0 0 0 0 0 0 0 0 0 0 0 0 7 0 0 0 0 0 0 0 0 23 3 0 0 30 0 0 0 1 1 2 35 10 1 24 1 1 47 36 0 0 1 49 23 0 49 1 0 1 45 1 6 51 0 14 1 62 
0 0 0 0 0 0 0 0 0 0 0 0 0 0 0 0 0 0 1 0 0 0 0 0 0 0 0 0 0 0 58 1 0 31 39 62 4 0 0 11 50 0 41 29 1 1 0 0 45 1 22 61 1 25 5 9 45 58 7 1 40 1 6 63 
0 0 0 0 0 0 0 0 0 0 0 0 0 0 0 0 0 0 0 54 16 0 0 0 0 5 0 0 11 0 0 0 0 38 0 0 0 0 0 55 34 58 5 0 6 47 0 50 0 11 1 28 2 39 4 20 56 12 0 0 53 42 34 30 
0 0 0 0 0 0 0 0 0 0 0 0 0 0 0 0 0 0 0 18 0 21 0 0 0 25 0 0 15 3 0 0 0 57 0 13 12 0 2 62 12 61 49 0 30 0 0 56 0 63 20 5 55 39 29 61 0 33 0 0 53 61 19 30 
0 0 0 0 0 0 0 0 0 0 0 0 0 0 0 0 0 0 0 32 0 0 63 0 0 5 0 0 41 0 0 2 0 31 57 15 0 4 0 19 39 20 23 0 37 47 63 36 58 40 47 13 59 0 50 16 56 21 0 25 53 13 9 30 
0 0 0 0 0 0 0 0 0 0 0 0 0 0 0 0 0 0 0 3 0 0 0 6 0 14 0 0 3 3 0 2 5 36 57 37 0 4 0 29 61 19 2 24 40 47 0 17 58 9 10 22 34 39 8 17 0 29 36 25 0 53 10 0 
0 0 0 0 0 0 0 0 0 0 0 0 0 0 0 0 0 0 0 7 0 0 0 0 12 2 0 0 10 3 0 2 0 26 0 15 12 4 2 61 3 35 22 24 5 0 0 34 58 55 37 5 53 0 32 11 0 2 36 25 53 47 30 0 
0 0 0 0 0 0 0 0 0 0 0 0 0 0 0 0 0 0 0 47 0 0 0 0 0 25 19 0 6 0 0 0 5 39 57 35 0 4 2 46 14 52 10 0 33 47 0 35 58 28 0 54 30 0 36 30 0 1 36 25 0 11 62 30 
0 0 0 0 0 0 0 0 0 0 0 0 0 0 0 0 0 0 0 55 0 0 0 0 0 63 0 26 38 0 0 2 0 1 0 1 0 4 2 44 1 25 1 0 47 0 0 41 0 62 58 1 49 0 1 1 56 1 36 25 0 14 1 30 
0 0 0 0 0 0 0 0 0 0 0 0 0 0 0 0 0 0 0 1 0 0 0 0 0 1 0 0 1 0 1 0 0 1 57 20 12 0 0 45 21 1 15 24 1 0 0 1 58 1 59 62 1 39 21 48 56 57 36 0 53 1 32 30 
0 0 0 0 0 0 0 0 0 0 0 0 0 0 0 0 0 0 0 0 8 4 0 0 0 5 0 0 15 9 0 0 0 57 0 13 26 0 1 9 34 58 5 0 0 40 0 0 0 11 20 0 53 29 4 61 62 0 0 0 20 42 0 24 
0 0 0 0 0 0 0 0 0 0 0 0 0 0 0 0 0 0 0 0 35 0 42 0 0 0 0 0 34 0 0 55 0 57 5 15 0 31 0 19 34 0 5 0 6 19 25 50 32 11 46 28 59 29 4 4 63 0 0 38 34 0 0 17 
0 0 0 0 0 0 0 0 0 0 0 0 0 0 0 0 0 0 0 0 10 0 0 33 0 5 0 0 8 9 0 55 43 2 5 37 0 31 0 29 0 58 5 61 0 11 0 0 32 0 10 28 34 12 0 5 24 12 5 38 28 0 34 27 
0 0 0 0 0 0 0 0 0 0 0 0 0 0 0 0 0 0 0 0 10 0 0 0 45 5 0 0 1 9 0 55 0 26 0 15 26 31 1 10 34 0 0 61 0 47 0 50 32 11 36 0 55 47 4 11 8 12 5 38 42 42 0 30 
0 0 0 0 0 0 0 0 0 0 0 0 0 0 0 0 0 0 0 0 8 0 0 0 0 0 35 0 13 0 0 0 43 39 5 35 0 31 1 25 34 58 5 0 0 46 0 50 32 11 1 28 28 32 0 10 62 0 5 38 38 42 34 19 
0 0 0 0 0 0 0 0 0 0 0 0 0 0 0 0 0 0 0 0 12 0 0 0 0 0 0 60 45 0 0 55 0 1 0 1 0 31 1 27 0 58 0 0 0 36 0 0 0 11 59 0 49 1 0 1 2 0 5 38 1 0 0 29 
0 0 0 0 0 0 0 0 0 0 0 0 0 0 0 0 0 0 0 0 1 0 0 0 0 0 0 0 1 0 53 0 0 39 5 20 26 0 0 26 34 0 5 61 0 1 0 0 32 0 58 28 1 44 4 36 3 12 5 0 15 0 34 28 
0 0 0 0 0 0 0 0 0 0 0 0 0 0 0 0 0 0 0 0 0 23 13 0 0 5 0 0 15 10 0 2 0 57 47 0 23 19 46 19 43 20 38 0 30 40 21 56 53 23 20 5 59 29 47 61 62 0 0 53 54 13 0 9 
0 0 0 0 0 0 0 0 0 0 0 0 0 0 0 0 0 0 0 0 0 28 0 6 0 23 0 0 15 22 0 2 6 57 47 13 51 19 9 29 61 46 51 0 0 40 0 0 53 9 0 5 34 17 8 61 0 33 56 53 28 53 19 27 
0 0 0 0 0 0 0 0 0 0 0 0 0 0 0 0 0 0 0 0 0 36 0 0 37 27 0 0 15 62 0 2 0 0 0 0 36 19 40 3 15 35 22 0 0 0 0 56 53 8 20 0 2 47 61 0 0 33 56 53 62 18 0 30 
0 0 0 0 0 0 0 0 0 0 0 0 0 0 0 0 0 0 0 0 0 42 0 0 0 25 10 0 15 25 0 0 6 0 47 13 44 19 53 16 2 9 59 0 0 40 0 56 53 35 20 5 41 32 36 61 0 0 56 53 38 54 19 11 
0 0 0 0 0 0 0 0 0 0 0 0 0 0 0 0 0 0 0 0 0 15 0 0 0 63 0 29 15 22 0 2 0 0 0 0 1 19 20 18 1 36 1 0 0 0 0 0 0 1 20 0 49 1 1 0 62 0 56 53 1 14 0 5 
0 0 0 0 0 0 0 0 0 0 0 0 0 0 0 0 0 0 0 0 0 1 0 0 0 1 0 0 0 1 13 0 0 57 47 13 9 0 1 19 25 1 62 0 0 0 0 0 53 1 20 5 1 49 8 61 62 33 56 0 27 1 19 4 
0 0 0 0 0 0 0 0 0 0 0 0 0 0 0 0 0 0 0 0 0 0 16 63 0 5 0 0 42 10 0 16 56 59 43 15 0 62 0 0 61 20 21 63 40 24 25 17 11 9 10 27 0 29 8 1 24 21 58 49 28 0 9 27 
0 0 0 0 0 0 0 0 0 0 0 0 0 0 0 0 0 0 0 0 0 0 41 0 57 5 0 0 35 10 0 28 0 26 32 0 23 20 46 19 36 0 22 63 5 47 18 6 25 31 10 5 59 0 18 11 8 21 58 45 8 13 0 30 
0 0 0 0 0 0 0 0 0 0 0 0 0 0 0 0 0 0 0 0 0 0 2 0 0 0 20 0 47 0 0 11 56 39 53 15 0 23 46 19 41 20 29 0 33 61 52 7 50 52 47 59 59 0 36 14 62 0 58 13 38 13 9 2 
0 0 0 0 0 0 0 0 0 0 0 0 0 0 0 0 0 0 0 0 0 0 19 0 0 0 0 5 15 0 0 56 0 1 1 0 0 28 46 19 1 20 1 0 47 36 1 41 1 22 21 1 0 0 1 1 61 0 58 0 1 0 0 12 
0 0 0 0 0 0 0 0 0 0 0 0 0 0 0 0 0 0 0 0 0 0 1 0 0 0 0 0 1 0 8 1 0 30 17 15 23 1 0 19 50 0 24 63 1 1 0 1 11 1 20 51 0 29 39 32 60 21 58 1 45 0 9 13 
0 0 0 0 0 0 0 0 0 0 0 0 0 0 0 0 0 0 0 0 0 0 0 54 49 12 0 0 9 40 0 12 23 26 32 15 51 42 9 29 61 35 22 46 0 47 0 17 18 9 10 5 34 47 8 11 0 31 2 28 28 53 30 0 
0 0 0 0 0 0 0 0 0 0 0 0 0 0 0 0 0 0 0 0 0 0 0 38 0 25 48 0 5 25 0 11 45 39 30 6 0 41 9 29 61 39 8 25 0 37 0 17 57 9 10 32 34 32 0 15 0 1 49 60 0 53 52 27 
0 0 0 0 0 0 0 0 0 0 0 0 0 0 0 0 0 0 0 0 0 0 0 55 0 63 0 9 37 22 0 40 2 1 1 1 0 34 9 29 0 10 1 1 0 36 0 0 1 9 10 1 0 1 0 1 24 1 4 49 0 0 1 27 
0 0 0 0 0 0 0 0 0 0 0 0 0 0 0 0 0 0 0 0 0 0 0 1 0 1 0 0 1 1 50 1 1 37 58 49 51 1 0 29 61 1 13 39 0 1 0 0 0 0 10 40 0 32 8 33 24 36 5 1 28 0 42 27 
0 0 0 0 0 0 0 0 0 0 0 0 0 0 0 0 0 0 0 0 0 0 0 0 28 25 19 0 12 25 0 11 23 0 32 15 44 3 29 19 13 35 22 25 0 47 0 1 43 43 37 5 43 0 36 11 0 1 51 32 38 36 30 30 
0 0 0 0 0 0 0 0 0 0 0 0 0 0 0 0 0 0 0 0 0 0 0 0 40 63 0 30 44 22 0 36 0 0 0 0 1 8 60 17 1 35 0 1 0 0 0 41 1 9 31 0 49 0 1 0 8 1 6 45 1 14 0 30 
0 0 0 0 0 0 0 0 0 0 0 0 0 0 0 0 0 0 0 0 0 0 0 0 1 1 0 0 1 1 9 1 0 26 32 15 45 1 1 16 22 0 22 9 0 0 0 1 18 1 30 5 1 47 53 11 8 59 7 1 37 1 30 30 
0 0 0 0 0 0 0 0 0 0 0 0 0 0 0 0 0 0 0 0 0 0 0 0 0 0 56 47 32 0 0 11 2 0 1 1 0 11 33 2 1 45 1 0 0 36 0 41 1 34 58 1 49 0 0 1 62 0 53 13 0 14 1 14 
0 0 0 0 0 0 0 0 0 0 0 0 0 0 0 0 0 0 0 0 0 0 0 0 0 0 1 0 1 0 61 0 1 39 36 55 44 1 1 3 27 1 5 25 0 1 0 1 57 1 59 8 1 32 36 46 62 1 52 1 38 1 30 15 
0 0 0 0 0 0 0 0 0 0 0 0 0 0 0 0 0 0 0 0 0 0 0 0 0 0 0 1 1 0 1 1 0 1 1 1 1 1 1 1 1 1 1 1 0 0 0 0 1 1 1 1 0 1 1 1 1 1 1 1 1 0 1 1 
