GF64M1
28 52
0 45 28 60 31 43 2 0 13 54 10 1 41 27 57 54 31 6 62 19 30 49 29 29 34 7 48 24 63 27 36 56 42 26 21 63 36 11 43 21 40 39 6 53 53 13 26 46 38 43 46 0 
0 54 15 36 30 62 45 48 14 59 48 0 59 4 24 12 57 35 51 28 25 45 57 43 27 16 28 4 21 14 7 48 17 54 61 52 28 27 35 52 26 29 42 53 32 11 13 46 60 1 49 0 
0 12 30 61 14 55 9 26 57 28 52 14 58 18 0 36 3 49 2 52 51 12 26 37 19 28 41 56 17 36 17 37 9 4 38 37 57 9 2 36 42 55 17 39 2 7 28 34 44 29 52 0 
0 56 49 13 30 36 2 31 3 33 54 1 19 1 59 20 28 34 37 46 19 15 44 20 50 43 41 57 13 47 26 5 52 34 20 2 35 34 29 17 46 49 36 9 2 29 56 39 34 16 30 61 
0 34 42 59 6 43 6 3 2 37 54 23 30 47 51 25 58 22 5 11 25 54 18 13 44 8 10 30 57 8 5 48 7 25 46 38 0 31 44 34 61 22 39 46 21 61 34 49 27 4 33 0 
0 34 42 24 6 15 36 30 55 20 14 4 52 31 6 16 60 61 58 61 24 31 56 35 3 22 52 38 31 2 34 60 58 44 21 2 42 49 54 50 19 42 28 33 22 29 28 22 63 39 42 0 
0 10 56 24 54 3 19 58 49 37 20 47 0 13 32 60 30 0 50 57 37 29 39 54 63 55 14 19 8 38 60 5 27 9 3 39 45 23 17 41 25 47 31 11 48 14 15 30 12 44 18 61 
0 31 21 4 55 8 15 2 29 0 4 8 27 18 44 60 52 2 6 60 23 10 33 22 35 51 60 25 28 0 10 30 60 50 48 34 40 17 57 4 47 0 39 3 24 50 50 39 30 9 20 0 
0 48 41 41 38 51 37 57 53 38 22 7 54 25 61 31 1 40 62 39 12 53 55 29 0 10 32 22 25 52 30 0 16 61 60 15 57 20 32 45 7 52 20 60 45 42 28 5 14 39 53 61 
0 48 41 47 38 33 3 0 33 56 47 61 43 19 29 41 36 8 18 62 36 43 41 23 28 8 23 14 41 61 53 46 4 40 0 15 58 50 61 3 18 35 45 20 35 63 4 13 47 44 13 0 
0 23 13 19 15 60 41 63 18 16 36 48 52 27 34 47 25 7 37 12 26 11 8 45 56 53 45 3 40 51 12 59 30 5 61 22 25 25 7 33 7 1 49 50 17 22 30 13 50 44 13 0 
0 26 27 18 24 57 8 25 33 33 29 23 16 9 35 0 41 24 8 62 42 0 45 52 61 46 47 8 7 28 23 3 31 44 13 47 54 33 2 43 37 38 22 29 17 43 29 49 8 4 33 0 
0 43 58 18 39 63 40 21 3 33 43 62 32 62 29 59 59 21 61 45 55 60 45 45 8 11 55 54 43 7 17 15 45 33 5 55 28 31 55 5 34 24 36 35 36 40 18 1 34 3 29 61 
0 5 14 15 47 57 52 45 50 10 47 13 57 47 40 50 30 37 4 29 21 41 36 54 15 23 63 1 20 18 11 5 16 41 44 33 17 24 38 42 27 51 46 48 27 63 5 31 8 54 5 61 
0 13 22 9 23 59 57 32 48 28 10 32 33 49 57 13 10 14 14 8 21 20 2 28 6 19 35 13 33 40 28 24 5 52 25 31 2 50 58 62 51 1 23 9 22 63 31 57 16 37 6 61 
0 21 45 51 1 21 32 36 10 4 20 59 54 10 19 11 42 51 41 1 15 61 0 7 57 25 29 22 7 57 56 40 3 61 22 25 4 19 27 33 14 18 29 43 27 3 28 49 23 29 43 61 
0 13 22 53 23 50 14 45 31 3 58 39 13 26 53 62 51 15 31 22 2 17 2 48 45 7 61 10 0 27 34 53 59 43 15 44 13 26 20 2 11 14 62 53 59 29 50 26 35 17 48 0 
0 59 25 1 9 8 0 58 29 60 26 1 19 44 61 30 50 20 0 62 51 10 4 27 40 50 1 5 22 44 45 55 25 56 46 32 35 41 29 26 51 60 15 24 18 16 24 60 61 27 57 61 
0 41 26 37 41 14 44 57 2 35 16 9 39 57 36 58 22 1 18 54 40 38 23 63 47 19 37 10 31 36 41 28 32 18 44 14 26 6 31 58 59 34 41 47 45 30 15 56 46 12 4 0 
0 4 6 52 54 19 50 28 45 8 63 0 23 35 13 50 33 0 29 37 60 53 49 42 46 21 63 42 54 41 40 1 58 48 13 37 13 48 4 15 12 22 45 29 37 19 38 42 7 37 25 0 
0 50 9 15 40 3 10 2 57 62 47 58 47 19 20 29 51 15 55 42 0 17 48 57 29 18 41 45 11 42 4 49 8 34 15 30 22 47 43 28 3 8 23 55 10 13 0 9 48 59 48 61 
0 11 48 59 47 19 46 15 33 18 39 59 14 14 41 23 2 30 23 43 7 27 30 26 51 50 24 22 48 32 31 8 8 11 44 18 14 27 27 6 41 51 3 8 62 34 63 12 46 28 5 0 
0 12 30 6 14 42 16 47 3 50 7 44 53 44 34 31 58 56 3 59 18 46 33 56 12 53 30 12 21 1 60 41 44 41 29 43 8 32 45 22 40 52 27 58 25 43 34 9 24 34 58 0 
0 37 4 41 39 53 4 5 6 36 43 39 54 44 3 7 22 57 3 55 54 41 46 57 48 56 44 43 11 47 31 46 62 45 58 13 49 15 38 49 17 43 42 32 16 38 2 13 50 6 18 0 
0 8 24 3 56 5 3 2 19 16 30 16 53 25 8 58 9 54 52 27 55 40 19 9 40 34 11 5 30 51 41 33 48 39 8 37 2 18 9 29 43 31 41 48 13 32 60 48 18 30 54 0 
0 62 23 21 38 19 39 29 37 47 2 16 40 43 0 24 27 25 48 6 35 62 29 13 63 58 7 23 7 43 19 17 11 24 54 12 48 54 52 62 20 15 51 42 63 32 9 31 60 47 15 0 
0 4 6 37 54 53 25 58 32 29 25 40 44 61 1 63 23 32 27 13 55 41 24 5 22 23 41 31 29 55 53 8 26 55 38 36 56 5 26 43 3 5 22 30 43 13 10 18 18 26 8 61 
57 50 55 44 10 52 44 42 32 12 34 28 33 2 39 11 26 48 44 54 30 45 37 0 1 22 48 16 8 47 17 36 50 25 0 50 1 0 17 0 19 57 23 15 37 50 9 35 58 30 41 61 
