GF64M1
28 64
0 9 20 61 63 36 44 23 10 29 22 21 12 1 61 47 52 41 22 14 29 0 2 32 45 16 12 49 59 16 58 54 3 8 28 31 42 44 48 22 4 21 14 13 58 18 45 46 18 29 9 62 42 57 25 1 41 2 42 36 43 6 24 29 
63 0 33 7 16 11 29 2 49 9 8 63 49 62 43 63 0 58 57 26 57 43 52 3 49 49 57 44 26 23 44 29 36 22 8 27 17 2 62 61 60 15 35 54 57 26 63 19 32 36 43 5 29 23 38 0 39 27 5 61 31 2 38 46 
13 2 0 60 21 14 40 43 25 15 13 50 43 36 60 26 43 51 35 44 44 48 25 40 55 10 28 13 45 16 3 35 0 43 60 18 10 60 15 38 29 14 58 5 38 26 29 8 37 14 23 54 59 6 1 57 63 18 10 7 12 3 27 57 
34 19 50 0 48 13 5 53 39 26 10 33 2 60 12 0 39 41 40 7 8 33 12 40 61 36 47 35 24 62 14 52 33 28 35 54 28 13 15 39 40 62 15 4 29 59 13 54 63 45 45 1 42 63 25 39 62 9 62 54 26 29 29 20 
36 59 60 43 0 51 1 9 36 57 13 41 42 29 36 18 27 40 55 38 6 0 20 23 27 44 11 20 27 47 41 63 28 18 0 3 8 1 18 43 32 60 57 36 16 29 4 47 46 38 16 60 14 20 58 42 45 11 12 43 59 25 56 10 
59 32 36 13 37 0 16 53 44 12 27 40 57 10 36 25 15 46 29 29 18 6 61 37 24 21 7 16 36 22 41 43 7 49 46 13 59 23 5 10 2 63 44 47 12 22 26 54 1 7 24 53 14 62 45 63 54 62 51 7 41 43 27 22 
2 41 56 40 61 4 0 21 55 59 20 32 45 19 0 57 1 42 55 14 22 11 6 29 3 1 5 3 63 20 35 31 52 26 28 1 49 9 61 59 27 26 1 58 62 56 19 57 26 61 16 56 51 1 60 28 29 49 18 46 31 34 59 59 
13 39 2 2 61 37 45 0 2 47 29 42 7 8 32 62 54 29 2 19 48 54 10 39 10 33 31 38 56 20 23 7 34 14 22 6 57 24 35 35 32 42 48 57 29 28 23 11 14 16 62 14 51 53 4 47 24 55 7 60 20 63 56 0 
60 28 33 52 59 21 23 63 0 0 31 37 36 44 2 8 37 32 32 63 44 10 18 56 42 60 57 45 9 35 12 24 43 14 28 55 52 48 28 44 1 62 53 29 46 53 56 2 41 39 45 58 47 9 20 17 22 11 42 36 53 23 53 15 
28 60 46 13 58 46 24 37 41 0 47 16 37 35 52 47 36 57 36 5 6 4 33 47 15 25 1 63 62 35 12 25 3 42 60 41 62 31 35 22 51 38 8 31 5 37 58 44 24 24 8 21 12 44 33 46 59 6 3 38 18 1 22 60 
35 16 32 58 15 42 42 53 27 16 0 41 8 41 2 30 38 49 62 9 8 51 5 12 3 59 4 22 36 46 21 14 61 58 61 0 33 50 62 34 57 14 25 61 26 52 52 2 39 60 26 27 33 12 28 8 54 57 45 3 50 45 38 1 
5 41 9 18 30 33 36 7 38 56 33 0 59 59 63 33 63 4 16 58 33 11 56 54 23 10 40 1 8 48 39 54 26 33 22 38 48 63 28 34 20 26 42 10 3 1 26 48 47 25 7 47 60 28 15 12 60 35 3 44 48 27 49 58 
40 19 47 14 3 5 63 0 55 22 47 2 0 42 1 19 7 57 60 57 0 47 4 0 45 47 42 15 7 19 26 39 62 41 1 57 16 7 55 39 58 41 15 43 61 47 28 10 38 12 9 44 58 29 44 40 20 22 43 60 32 1 17 11 
11 39 53 36 29 21 21 2 6 41 57 47 8 0 60 32 28 21 11 9 5 25 9 11 5 1 21 3 47 63 48 36 60 34 10 55 47 53 50 10 52 0 25 52 33 16 51 44 21 0 4 63 21 1 50 3 40 37 13 39 7 14 58 59 
19 12 60 52 10 36 55 32 39 60 53 9 48 30 0 47 34 57 44 46 3 21 1 20 40 9 22 41 48 27 50 9 61 27 10 26 18 12 33 16 32 20 55 61 6 27 52 56 40 30 62 12 59 58 37 42 7 2 25 12 6 36 9 13 
26 63 53 58 14 2 19 39 8 44 41 42 9 52 0 0 7 48 25 59 26 45 17 2 56 3 12 57 46 0 52 43 47 2 62 14 26 54 45 45 59 47 60 35 62 28 53 21 29 21 61 56 34 0 4 2 50 8 0 49 25 39 40 3 
24 16 44 14 31 9 23 52 37 14 36 29 5 0 40 35 0 51 52 8 40 8 55 51 21 58 11 41 11 60 50 20 24 33 58 13 29 12 0 50 19 22 40 6 48 16 39 14 5 37 13 27 29 1 15 41 53 1 18 62 63 49 37 22 
20 3 16 0 3 33 63 4 22 36 18 23 12 3 60 10 3 0 50 4 49 39 48 62 26 54 9 13 16 53 30 12 22 62 43 57 38 46 44 18 61 11 18 25 47 39 57 52 23 51 20 61 3 46 57 32 47 58 62 20 43 14 19 36 
3 49 41 54 30 4 14 14 0 4 53 1 4 53 18 0 16 26 0 3 25 26 51 10 61 37 13 25 5 24 59 27 50 26 37 43 16 4 53 6 56 15 50 30 33 4 12 18 34 61 24 46 51 14 17 2 34 59 21 57 51 9 20 42 
33 51 38 27 12 44 13 4 43 53 44 48 42 22 28 55 63 25 0 0 12 29 42 20 19 4 9 11 36 5 1 4 17 1 62 28 19 16 4 34 29 14 22 15 33 38 42 53 59 43 58 43 27 37 29 60 63 62 32 14 45 6 48 27 
17 8 38 18 34 21 39 51 52 4 14 50 42 25 30 56 49 36 57 40 0 16 55 49 34 17 53 47 34 2 45 41 54 37 17 28 11 26 1 11 52 59 17 46 20 39 14 56 48 6 59 31 31 35 16 32 5 19 17 36 22 55 52 31 
10 56 46 63 27 4 8 49 31 13 27 24 25 62 3 4 26 22 55 8 3 0 18 20 33 10 7 30 22 43 18 4 20 62 38 18 2 9 28 9 14 32 43 0 27 51 29 63 45 1 28 17 50 61 3 46 43 49 63 45 10 40 9 16 
27 57 34 31 6 62 27 35 3 30 40 0 21 33 43 60 27 29 16 48 53 25 0 42 62 17 28 17 22 7 3 63 63 27 13 22 25 31 39 9 56 28 15 42 0 46 0 21 6 24 28 57 58 30 37 48 47 29 59 0 34 18 2 18 
40 34 47 58 23 27 13 23 28 62 36 35 19 19 15 59 36 42 9 5 7 31 12 0 61 19 60 2 33 51 56 51 34 33 59 61 57 52 2 30 46 7 18 37 51 33 14 13 0 2 7 51 52 48 3 49 15 32 17 61 31 45 55 10 
49 40 1 12 49 25 47 35 36 32 25 1 7 58 15 2 30 15 37 21 7 32 50 40 0 0 9 27 35 0 2 32 25 11 48 22 34 3 47 12 24 53 24 2 17 38 8 1 8 2 27 17 54 38 45 6 3 58 21 34 33 32 27 27 
62 29 12 22 28 38 16 50 30 4 23 12 41 6 42 22 18 11 18 38 3 55 4 36 31 14 0 38 48 14 46 6 0 37 32 41 35 6 49 5 10 34 17 14 49 0 44 0 62 52 58 3 0 48 32 39 43 1 44 18 36 0 27 22 
9 17 62 9 39 3 32 61 47 4 49 10 51 31 53 50 56 49 21 41 19 22 9 41 51 42 63 0 0 24 1 0 4 1 1 1 1 0 0 1 1 0 1 1 38 32 1 50 1 0 1 1 61 1 1 1 1 1 1 0 1 23 1 1 
1 1 1 1 1 1 1 1 1 1 1 1 1 1 1 1 1 1 1 1 1 1 1 1 1 1 1 1 1 1 0 1 1 0 0 0 0 1 1 0 0 1 0 0 1 1 0 1 0 1 0 0 1 0 0 0 0 0 0 1 0 1 0 0 
