GF64M1
84 28
0 59 1 59 1 0 58 1 59 0 1 58 1 0 58 1 59 59 58 58 58 1 59 59 1 58 58 0 
58 63 52 5 2 22 54 35 56 9 18 34 51 15 25 19 15 15 50 24 27 58 35 37 18 9 0 13 
8 51 13 33 12 51 17 33 46 33 59 27 45 30 27 3 32 12 33 37 4 27 11 40 10 49 0 0 
56 47 17 40 28 52 29 32 10 59 32 18 39 12 25 5 13 19 4 46 3 58 29 19 22 52 0 0 
40 33 56 51 18 44 20 47 55 34 35 31 61 38 23 60 10 45 36 38 62 41 61 58 0 14 0 0 
22 13 46 41 34 17 46 27 61 26 2 61 2 2 50 43 6 8 26 30 60 4 50 32 31 18 0 0 
1 34 2 31 44 46 7 56 17 59 16 29 39 1 49 55 54 20 31 16 43 55 0 27 50 12 0 0 
28 24 3 38 61 28 62 22 62 23 27 19 4 52 20 30 56 62 61 50 19 26 4 23 21 17 0 0 
35 10 51 48 28 32 6 28 20 45 17 49 52 62 38 50 24 30 26 16 47 56 17 10 58 38 0 0 
0 49 12 4 47 0 62 18 57 31 21 44 31 40 44 16 2 52 33 34 27 43 17 42 36 62 0 0 
43 58 12 0 37 26 63 36 40 62 32 30 6 15 57 59 19 23 47 18 44 6 45 49 16 18 0 0 
59 23 56 18 24 25 29 57 5 59 6 40 58 51 18 28 61 31 59 22 0 27 11 57 53 50 0 0 
15 38 30 25 36 4 16 41 53 15 22 22 0 24 38 44 54 0 62 22 27 52 44 3 5 15 0 0 
0 20 29 40 15 15 6 29 50 1 16 17 4 24 63 9 47 28 1 37 35 47 7 17 15 54 0 0 
6 25 43 54 39 10 5 41 48 51 49 4 63 33 63 33 26 2 26 38 10 28 16 41 15 55 0 0 
32 4 42 17 9 51 44 58 29 26 61 50 4 4 51 61 8 49 25 15 61 41 38 13 2 55 0 0 
0 40 39 19 34 30 3 22 26 41 7 14 55 17 44 34 51 13 34 2 50 32 31 49 41 21 0 0 
3 7 4 49 49 5 1 12 61 21 3 42 26 61 4 33 29 62 29 22 20 14 13 59 42 63 0 0 
57 39 14 45 17 54 31 32 12 28 45 63 34 52 30 52 30 27 20 31 55 57 52 49 15 2 0 0 
52 49 33 38 25 18 44 24 2 12 6 43 35 48 5 33 0 4 23 45 0 35 16 15 8 57 0 0 
61 4 43 7 46 34 11 20 5 49 33 34 13 63 62 28 42 56 45 15 37 29 46 52 27 24 0 0 
63 32 52 56 25 59 19 36 4 60 9 2 13 3 53 23 2 26 5 6 21 10 3 50 55 9 0 0 
50 49 17 48 17 55 27 11 39 17 60 60 34 33 15 17 54 27 38 50 21 30 2 20 5 40 0 0 
25 29 52 52 60 26 8 62 49 58 15 40 0 44 58 39 39 59 49 18 41 58 62 33 30 59 0 0 
23 14 48 3 37 50 49 50 27 49 39 49 54 23 25 59 3 17 9 16 43 63 50 61 11 35 0 0 
22 23 5 62 39 47 17 12 17 20 43 56 32 7 34 43 34 34 50 7 49 36 30 25 12 59 0 0 
17 17 48 37 26 49 16 29 24 44 38 17 42 2 29 23 29 37 31 13 13 13 39 33 27 1 0 0 
28 19 27 20 5 27 42 56 11 53 19 13 24 44 23 34 40 14 17 0 33 40 60 27 5 44 0 0 
13 35 7 0 28 44 38 54 31 59 26 45 12 10 47 24 24 23 12 35 43 62 38 43 15 38 0 0 
46 53 52 56 26 30 20 10 49 5 37 50 0 21 37 3 7 25 46 33 0 3 13 33 0 2 0 0 
6 23 58 52 38 51 56 12 49 19 25 58 26 13 56 11 43 50 32 41 45 34 15 48 43 19 0 0 
41 17 48 29 53 27 53 55 28 0 23 47 22 5 23 62 6 48 25 19 15 11 4 61 1 3 0 0 
39 48 20 51 22 43 54 47 37 62 41 4 5 50 20 36 44 27 54 35 9 55 10 56 11 57 0 0 
47 46 37 27 6 1 45 40 40 44 59 31 40 7 13 34 37 6 40 33 51 38 53 60 26 16 0 0 
54 36 16 28 44 9 62 49 48 11 30 3 33 37 26 34 52 54 14 63 58 43 56 53 32 23 0 0 
12 35 14 4 57 38 23 7 28 62 33 12 1 11 27 7 26 21 39 31 14 53 9 31 26 6 0 0 
53 28 6 11 4 26 29 11 17 45 4 44 38 62 7 8 0 51 44 46 48 33 42 47 24 38 0 0 
12 25 11 2 47 24 51 13 19 62 7 57 2 18 26 63 25 33 11 53 8 34 49 17 35 36 0 0 
4 36 9 7 24 26 38 19 52 12 54 30 49 9 24 5 2 23 53 35 5 57 48 27 33 51 0 0 
33 21 39 51 28 8 4 58 10 33 1 27 5 41 1 41 20 15 52 42 25 8 22 45 59 50 0 0 
36 36 38 24 34 47 41 8 46 45 10 21 53 43 61 42 14 11 26 19 22 49 14 37 2 14 0 0 
51 52 63 16 41 18 52 55 13 8 8 22 38 58 42 55 35 12 56 48 42 0 23 18 9 4 0 0 
63 17 44 55 19 60 62 60 11 10 48 17 47 44 51 24 15 2 49 51 12 14 1 7 6 35 0 0 
18 38 31 57 50 61 62 45 37 30 16 41 38 53 26 50 13 56 19 27 1 52 9 40 41 49 0 0 
14 29 19 49 43 0 42 52 3 3 24 29 43 26 60 63 28 48 0 61 62 62 25 3 52 2 0 0 
8 11 35 40 63 19 20 46 59 4 18 38 39 37 55 54 55 11 8 31 25 38 26 55 50 55 0 0 
63 15 59 36 9 27 31 39 20 4 27 56 51 54 33 6 2 12 2 62 2 43 1 25 43 35 0 0 
3 38 5 9 55 32 24 62 46 0 3 43 33 18 57 31 19 11 10 21 11 2 22 0 9 35 0 0 
28 1 60 11 9 32 56 1 21 30 14 52 21 30 26 56 39 12 8 15 40 56 37 22 7 0 0 0 
55 11 1 17 25 13 51 45 26 2 2 59 55 24 44 48 58 52 21 0 30 33 53 41 47 35 0 0 
32 14 2 33 55 2 16 29 4 41 52 25 44 16 33 22 51 20 42 13 22 29 58 60 1 34 0 0 
7 37 6 57 49 11 50 58 9 13 17 58 38 41 60 63 40 20 52 7 43 16 61 61 24 37 0 0 
1 25 62 50 17 54 18 62 50 59 23 57 0 60 5 61 28 8 59 44 21 51 28 23 4 43 0 0 
24 14 26 27 31 22 48 23 59 51 4 58 21 11 35 15 22 3 61 60 52 41 18 46 20 54 0 0 
57 14 47 33 13 63 59 62 42 51 43 23 50 47 42 48 9 60 8 1 54 6 33 13 19 22 0 0 
61 3 30 60 26 8 16 17 35 23 44 9 12 48 55 8 53 34 28 44 36 24 15 18 36 28 0 0 
14 12 31 6 18 58 49 15 44 46 60 14 49 32 37 14 16 57 3 16 45 58 37 15 57 15 0 0 
29 24 43 31 40 9 45 42 37 57 34 40 38 18 56 17 17 17 33 11 46 10 48 49 38 23 0 0 
61 37 29 22 51 1 25 50 49 44 19 20 34 36 3 36 13 24 51 59 12 23 51 8 3 63 0 0 
47 13 10 7 28 13 39 23 56 62 53 7 48 16 57 20 42 44 46 53 9 22 29 34 39 50 0 0 
59 36 1 36 5 6 38 1 7 46 19 25 47 18 21 17 47 57 6 39 47 39 34 59 19 40 0 0 
15 6 37 60 9 25 59 7 51 8 12 35 60 10 24 16 1 11 43 34 4 38 49 38 58 15 0 0 
54 46 43 56 28 59 25 4 14 42 33 11 15 37 29 57 49 31 7 55 56 28 60 31 11 26 0 0 
19 51 60 55 46 62 18 15 15 20 31 13 25 18 40 11 55 49 61 12 50 6 47 48 15 28 0 0 
36 15 46 43 54 46 56 56 3 33 50 5 44 8 11 32 22 27 19 25 17 21 62 55 18 11 0 0 
36 6 6 21 48 10 1 3 16 28 48 25 51 24 6 38 62 9 1 51 51 32 7 7 56 32 0 0 
27 43 29 6 7 30 14 61 19 3 51 20 9 60 15 24 49 43 41 13 30 29 29 17 34 9 0 0 
45 51 54 15 16 46 37 44 16 46 23 40 10 9 4 15 40 8 21 33 58 7 37 51 41 45 0 0 
18 3 15 14 13 5 27 7 49 51 41 33 40 15 44 14 52 29 51 30 28 58 12 14 54 0 0 0 
9 12 30 32 12 32 43 56 42 42 35 38 28 50 14 35 9 63 2 60 45 61 45 40 57 35 0 0 
57 2 0 1 34 51 36 10 35 50 60 61 22 20 31 28 38 55 39 44 1 6 6 55 52 39 0 0 
7 28 60 62 31 28 54 33 62 15 37 47 10 26 17 25 25 61 55 11 63 22 33 14 8 59 0 0 
37 11 19 38 54 2 3 62 2 43 59 36 61 36 54 27 58 18 11 55 34 16 17 4 2 11 0 0 
35 12 59 6 32 31 4 53 7 49 55 11 58 40 56 21 40 44 23 39 17 12 37 24 63 63 0 0 
6 4 48 36 40 13 6 19 4 3 61 43 55 52 35 38 6 15 19 40 40 52 24 15 62 38 0 0 
5 21 57 42 22 28 24 57 58 9 43 4 42 50 14 51 45 3 62 50 43 19 20 52 17 2 0 0 
42 25 39 10 17 31 33 59 54 4 18 32 19 15 35 62 14 42 20 57 21 60 20 47 59 1 0 0 
7 44 24 39 55 36 9 40 40 38 39 51 24 55 41 53 21 9 32 44 40 29 37 6 55 10 0 0 
55 63 39 13 38 5 2 61 51 25 50 59 35 17 28 20 16 19 26 26 0 60 6 41 13 6 0 0 
43 42 23 51 3 45 12 21 45 46 52 52 10 1 10 37 10 4 43 55 42 9 35 11 23 48 0 0 
15 36 42 15 8 33 21 27 30 4 62 28 56 44 51 12 9 61 8 58 47 46 40 18 26 24 0 0 
6 44 56 45 41 5 54 24 53 34 5 0 5 15 43 26 11 2 31 51 25 15 35 59 60 55 0 0 
28 26 51 62 45 2 18 39 7 37 50 38 33 53 41 17 59 63 19 48 58 38 23 61 43 49 0 0 
37 52 58 15 54 19 20 9 4 7 8 40 29 41 26 33 55 22 32 30 59 55 14 23 44 46 0 0 
