GF64M1
378 55
61 46 0 0 0 0 0 0 0 0 0 0 0 0 0 0 0 0 0 0 0 0 0 0 0 0 0 0 54 32 63 38 39 30 62 52 14 17 52 41 22 18 20 63 5 0 6 40 11 44 36 33 62 8 16 
27 0 54 0 0 0 0 0 0 0 0 0 0 0 0 0 0 0 0 0 0 0 0 0 0 0 0 0 57 29 58 32 30 50 34 60 61 63 13 41 52 23 51 0 26 38 46 0 52 16 11 52 39 20 49 
27 0 0 15 0 0 0 0 0 0 0 0 0 0 0 0 0 0 0 0 0 0 0 0 0 0 0 0 54 2 7 10 54 35 26 13 40 46 10 41 22 0 37 44 55 27 25 62 57 38 22 9 58 51 37 
31 0 0 0 62 0 0 0 0 0 0 0 0 0 0 0 0 0 0 0 0 0 0 0 0 0 0 0 57 29 1 18 53 58 24 52 62 28 54 45 38 5 15 19 1 61 34 0 11 19 37 59 39 50 11 
33 0 0 0 0 45 0 0 0 0 0 0 0 0 0 0 0 0 0 0 0 0 0 0 0 0 0 0 0 54 38 60 27 31 16 1 42 0 23 0 36 0 12 0 17 0 22 22 44 17 32 27 52 50 28 
59 0 0 0 0 0 8 0 0 0 0 0 0 0 0 0 0 0 0 0 0 0 0 0 0 0 0 0 15 48 57 23 62 63 21 12 26 2 42 45 53 0 27 19 47 27 41 40 60 4 29 34 42 41 50 
5 0 0 0 0 0 0 0 0 0 0 0 0 0 0 0 0 0 0 0 0 0 0 0 0 0 0 0 57 47 62 56 56 5 56 6 51 23 54 0 34 23 43 19 26 0 9 62 26 17 16 53 63 56 59 
3 0 0 0 0 0 0 0 52 0 0 0 0 0 0 0 0 0 0 0 0 0 0 0 0 0 0 0 54 13 45 38 51 24 13 61 23 39 6 45 50 5 58 19 30 38 32 0 21 28 20 10 29 57 16 
36 0 0 0 0 0 0 0 0 39 0 0 0 0 0 0 0 0 0 0 0 0 0 0 0 0 0 0 0 34 31 13 43 53 24 29 10 12 7 45 43 18 61 19 47 38 10 22 54 7 4 38 53 2 44 
5 0 0 0 0 0 0 0 0 0 48 0 0 0 0 0 0 0 0 0 0 0 0 0 0 0 0 0 57 52 14 20 34 52 13 40 6 3 10 45 19 23 48 0 3 38 42 0 48 59 54 29 37 63 56 
9 0 0 0 0 0 0 0 0 0 0 53 0 0 0 0 0 0 0 0 0 0 0 0 0 0 0 0 15 10 61 55 52 3 51 6 20 53 12 0 14 23 34 44 20 61 18 22 58 1 25 2 25 14 49 
28 0 0 0 0 0 0 0 0 0 0 0 53 0 0 0 0 0 0 0 0 0 0 0 0 0 0 0 57 49 26 48 5 54 21 55 60 33 40 45 35 0 35 0 10 0 37 40 16 4 59 1 29 15 47 
18 0 0 0 0 0 0 0 0 0 0 0 0 14 0 0 0 0 0 0 0 0 0 0 0 0 0 0 0 13 1 12 61 4 18 57 39 43 16 45 45 18 52 63 25 27 15 62 56 31 43 56 25 2 19 
42 0 0 0 0 0 0 0 0 0 0 0 0 0 12 0 0 0 0 0 0 0 0 0 0 0 0 0 15 18 20 52 29 41 33 43 48 4 30 0 12 5 14 63 62 0 45 22 59 0 43 60 61 3 29 
1 0 0 0 0 0 0 0 0 0 0 0 0 0 0 62 0 0 0 0 0 0 0 0 0 0 0 0 57 39 19 52 21 53 59 52 48 6 48 45 49 5 28 44 12 61 24 0 5 11 18 5 52 34 33 
35 0 0 0 0 0 0 0 0 0 0 0 0 0 0 0 43 0 0 0 0 0 0 0 0 0 0 0 54 24 56 42 24 20 51 26 46 2 56 41 42 23 59 0 9 0 62 40 12 50 36 1 43 49 59 
1 0 0 0 0 0 0 0 0 0 0 0 0 0 0 0 0 44 0 0 0 0 0 0 0 0 0 0 54 5 0 15 48 49 22 48 34 39 31 4 36 23 44 19 25 38 24 22 54 13 41 45 38 42 1 
28 0 0 0 0 0 0 0 0 0 0 0 0 0 0 0 0 0 12 0 0 0 0 0 0 0 0 0 15 47 48 49 22 35 61 40 0 12 25 4 24 18 42 44 22 38 19 40 50 21 13 12 33 1 8 
22 0 0 0 0 0 0 0 0 0 0 0 0 0 0 0 0 0 0 50 0 0 0 0 0 0 0 0 15 60 48 12 1 8 30 61 10 55 29 0 40 5 25 63 20 0 3 22 9 5 12 9 42 42 11 
38 0 0 0 0 0 0 0 0 0 0 0 0 0 0 0 0 0 0 0 59 0 0 0 0 0 0 0 15 10 41 38 30 3 46 21 59 62 15 4 39 23 21 0 42 0 40 40 60 60 50 12 32 23 12 
18 0 0 0 0 0 0 0 0 0 0 0 0 0 0 0 0 0 0 0 0 43 0 0 0 0 0 0 57 18 12 36 30 13 47 57 19 51 25 0 14 0 18 44 37 27 3 62 35 24 32 35 49 61 38 
51 0 0 0 0 0 0 0 0 0 0 0 0 0 0 0 0 0 0 0 0 0 49 0 0 0 0 0 54 47 57 28 19 29 56 25 40 33 1 45 25 0 28 63 25 27 1 62 21 15 18 56 40 14 32 
34 0 0 0 0 0 0 0 0 0 0 0 0 0 0 0 0 0 0 0 0 0 0 10 0 0 0 0 54 10 28 13 61 12 56 8 39 40 51 0 50 23 18 19 30 27 8 0 20 40 5 41 13 26 21 
45 0 0 0 0 0 0 0 0 0 0 0 0 0 0 0 0 0 0 0 0 0 0 0 33 0 0 0 57 40 52 56 6 43 24 44 32 1 12 45 55 23 16 44 25 38 30 40 60 1 23 61 53 11 47 
57 0 0 0 0 0 0 0 0 0 0 0 0 0 0 0 0 0 0 0 0 0 0 0 0 35 0 0 15 58 36 48 38 51 16 15 39 3 0 4 42 23 9 19 11 27 14 40 36 16 30 44 23 5 37 
57 0 0 0 0 0 0 0 0 0 0 0 0 0 0 0 0 0 0 0 0 0 0 0 0 0 5 0 15 30 31 59 58 51 59 63 48 1 33 4 40 5 42 44 22 61 13 40 16 7 52 58 59 25 56 
1 0 0 0 0 0 0 0 0 0 0 0 0 0 0 0 0 0 0 0 0 0 0 0 0 0 0 62 0 10 1 36 35 50 59 59 58 25 39 45 41 23 59 63 63 27 15 22 58 28 59 19 4 42 55 
0 21 52 0 0 0 0 0 0 0 0 0 0 0 0 0 0 0 0 0 0 0 0 0 0 0 0 0 23 61 23 27 0 60 10 12 21 38 14 62 56 54 20 21 6 19 12 34 7 50 37 56 39 8 29 
0 52 0 11 0 0 0 0 0 0 0 0 0 0 0 0 0 0 0 0 0 0 0 0 0 0 0 0 54 2 32 38 39 42 26 12 61 55 34 55 22 57 0 39 2 44 20 3 4 61 56 35 4 8 18 
0 29 0 0 40 0 0 0 0 0 0 0 0 0 0 0 0 0 0 0 0 0 0 0 0 0 0 0 20 61 41 0 39 37 38 56 21 20 15 10 21 26 31 32 62 63 40 22 31 19 11 61 39 25 20 
0 36 0 0 0 48 0 0 0 0 0 0 0 0 0 0 0 0 0 0 0 0 0 0 0 0 0 0 22 49 61 27 7 36 6 12 4 8 42 35 28 7 0 45 25 0 62 17 52 55 32 59 28 17 36 
0 8 0 0 0 0 32 0 0 0 0 0 0 0 0 0 0 0 0 0 0 0 0 0 0 0 0 0 4 23 54 27 7 29 21 12 17 19 49 26 2 24 0 51 49 44 45 54 22 45 29 49 20 8 16 
0 44 0 0 0 0 0 36 0 0 0 0 0 0 0 0 0 0 0 0 0 0 0 0 0 0 0 0 14 47 58 38 7 38 16 56 22 6 15 32 6 41 31 35 3 0 54 29 13 36 16 2 41 0 51 
0 28 0 0 0 0 0 0 60 0 0 0 0 0 0 0 0 0 0 0 0 0 0 0 0 0 0 0 37 42 5 38 39 53 27 52 18 47 46 11 28 62 11 25 42 19 29 53 47 57 48 18 53 0 0 
0 27 0 0 0 0 0 0 0 58 0 0 0 0 0 0 0 0 0 0 0 0 0 0 0 0 0 0 36 37 24 0 7 45 24 56 32 29 20 36 37 55 20 39 35 19 62 48 50 31 4 32 29 8 3 
0 32 0 0 0 0 0 0 0 0 45 0 0 0 0 0 0 0 0 0 0 0 0 0 0 0 0 0 40 52 3 0 39 56 27 56 20 11 34 27 1 29 31 20 25 19 57 51 37 1 18 0 27 0 28 
0 21 0 0 0 0 0 0 0 0 0 4 0 0 0 0 0 0 0 0 0 0 0 0 0 0 0 0 38 42 8 38 0 34 13 12 18 44 0 28 43 39 11 8 11 63 23 26 10 41 25 22 15 17 63 
0 40 0 0 0 0 0 0 0 0 0 0 4 0 0 0 0 0 0 0 0 0 0 0 0 0 0 0 50 17 15 27 32 15 61 56 33 33 6 15 42 12 20 8 33 0 19 15 34 18 49 39 11 0 44 
0 12 0 0 0 0 0 0 0 0 0 0 0 43 0 0 0 0 0 0 0 0 0 0 0 0 0 0 14 45 58 0 0 45 58 56 4 58 62 3 63 7 11 13 13 44 44 9 52 24 5 48 49 17 29 
0 24 0 0 0 0 0 0 0 0 0 0 0 0 37 0 0 0 0 0 0 0 0 0 0 0 0 0 31 21 51 0 39 4 9 52 24 29 5 1 34 44 20 8 45 0 30 5 49 63 43 33 61 0 44 
0 31 0 0 0 0 0 0 0 0 0 0 0 0 0 52 0 0 0 0 0 0 0 0 0 0 0 0 39 0 0 61 32 28 5 0 21 6 33 40 7 28 11 23 61 63 53 41 6 7 60 10 34 25 63 
0 24 0 0 0 0 0 0 0 0 0 0 0 0 0 0 36 0 0 0 0 0 0 0 0 0 0 0 41 63 32 38 7 48 37 12 36 19 0 55 31 61 31 42 42 0 46 39 56 34 10 27 43 17 35 
0 56 0 0 0 0 0 0 0 0 0 0 0 0 0 0 0 43 0 0 0 0 0 0 0 0 0 0 41 5 19 0 0 30 40 56 16 54 63 36 34 18 11 29 31 19 47 52 57 14 41 8 48 17 42 
0 16 0 0 0 0 0 0 0 0 0 0 0 0 0 0 0 0 27 0 0 0 0 0 0 0 0 0 26 8 6 61 0 27 61 56 0 12 37 40 61 54 0 28 44 19 54 15 4 26 35 8 55 25 43 
0 6 0 0 0 0 0 0 0 0 0 0 0 0 0 0 0 0 0 55 0 0 0 0 0 0 0 0 16 27 21 0 32 40 32 56 35 55 60 11 40 54 0 45 11 0 18 55 42 40 6 35 2 17 54 
0 60 0 0 0 0 0 0 0 0 0 0 0 0 0 0 0 0 0 0 22 0 0 0 0 0 0 0 43 13 23 61 7 34 6 0 2 54 1 39 7 44 20 19 49 0 10 47 29 13 22 41 30 17 22 
0 54 0 0 0 0 0 0 0 0 0 0 0 0 0 0 0 0 0 0 0 17 0 0 0 0 0 0 22 21 11 27 0 33 57 56 49 59 41 43 43 26 11 45 16 44 8 8 29 20 42 22 15 8 45 
0 20 0 0 0 0 0 0 0 0 0 0 0 0 0 0 0 0 0 0 0 0 11 0 0 0 0 0 9 15 54 27 39 13 46 56 62 56 14 10 7 58 20 0 26 44 39 10 59 57 60 12 62 17 21 
0 4 0 0 0 0 0 0 0 0 0 0 0 0 0 0 0 0 0 0 0 0 0 7 0 0 0 0 35 10 57 38 39 52 16 52 4 32 44 24 34 37 20 8 56 44 23 44 0 1 43 25 37 0 7 
0 1 0 0 0 0 0 0 0 0 0 0 0 0 0 0 0 0 0 0 0 0 0 0 3 0 0 0 40 8 56 38 0 51 14 56 39 16 52 63 11 40 31 4 26 19 53 15 9 58 51 27 11 0 60 
0 61 0 0 0 0 0 0 0 0 0 0 0 0 0 0 0 0 0 0 0 0 0 0 0 12 0 0 35 26 38 38 7 41 16 12 4 18 0 41 33 55 31 25 13 44 23 42 58 50 58 47 63 25 48 
0 45 0 0 0 0 0 0 0 0 0 0 0 0 0 0 0 0 0 0 0 0 0 0 0 0 59 0 7 25 52 0 0 6 19 12 22 1 17 54 0 38 11 11 44 63 31 61 34 51 52 59 59 8 28 
0 1 0 0 0 0 0 0 0 0 0 0 0 0 0 0 0 0 0 0 0 0 0 0 0 0 0 49 58 42 58 27 7 60 45 0 59 0 51 52 58 6 0 30 4 44 48 28 1 42 59 34 58 25 7 
0 0 5 59 0 0 0 0 0 0 0 0 0 0 0 0 0 0 0 0 0 0 0 0 0 0 0 0 46 2 32 4 30 35 6 30 51 25 3 9 12 15 37 37 0 0 19 16 13 0 33 0 39 39 46 
0 0 12 0 1 0 0 0 0 0 0 0 0 0 0 0 0 0 0 0 0 0 0 0 0 0 0 0 14 0 59 23 30 8 17 45 37 54 0 34 56 9 23 48 26 3 6 0 11 16 10 12 0 45 20 
0 0 3 0 0 50 0 0 0 0 0 0 0 0 0 0 0 0 0 0 0 0 0 0 0 0 0 0 62 23 61 26 49 15 50 38 12 44 14 35 52 39 12 0 0 26 22 50 24 34 7 56 32 57 24 
0 0 35 0 0 0 26 0 0 0 0 0 0 0 0 0 0 0 0 0 0 0 0 0 0 0 0 0 59 12 54 2 49 29 48 37 60 10 14 50 0 51 27 48 0 30 41 34 8 0 33 52 39 61 13 
0 0 42 0 0 0 0 56 0 0 0 0 0 0 0 0 0 0 0 0 0 0 0 0 0 0 0 0 8 47 45 20 49 39 6 61 14 58 0 32 52 20 51 48 26 10 3 16 46 16 34 0 7 56 46 
0 0 1 0 0 0 0 0 9 0 0 0 0 0 0 0 0 0 0 0 0 0 0 0 0 0 0 0 2 49 18 59 30 42 19 26 23 12 13 35 12 39 17 48 26 25 4 0 25 34 0 12 32 57 29 
0 0 28 0 0 0 0 0 0 2 0 0 0 0 0 0 0 0 0 0 0 0 0 0 0 0 0 0 46 3 10 3 49 37 51 0 55 7 13 12 52 52 14 48 6 46 46 50 2 34 41 56 32 22 34 
0 0 35 0 0 0 0 0 0 0 43 0 0 0 0 0 0 0 0 0 0 0 0 0 0 0 0 0 19 52 3 11 30 52 19 55 59 34 3 51 12 24 40 0 28 0 14 0 48 0 50 12 39 63 61 
0 0 51 0 0 0 0 0 0 0 0 24 0 0 0 0 0 0 0 0 0 0 0 0 0 0 0 0 9 23 26 34 0 19 9 1 50 36 13 28 56 25 9 37 0 27 18 50 14 50 8 52 7 5 30 
0 0 27 0 0 0 0 0 0 0 0 0 37 0 0 0 0 0 0 0 0 0 0 0 0 0 0 0 21 44 29 34 47 54 2 35 60 60 14 39 0 56 16 0 26 1 11 34 16 34 46 56 7 15 49 
0 0 15 0 0 0 0 0 0 0 0 0 0 59 0 0 0 0 0 0 0 0 0 0 0 0 0 0 13 16 58 56 0 4 37 46 60 39 3 43 52 17 31 21 26 24 43 16 56 50 7 12 32 9 33 
0 0 10 0 0 0 0 0 0 0 0 0 0 0 28 0 0 0 0 0 0 0 0 0 0 0 0 0 6 51 36 12 30 41 14 36 22 58 13 1 52 48 61 21 26 1 9 50 15 34 24 0 0 3 13 
0 0 44 0 0 0 0 0 0 0 0 0 0 0 0 38 0 0 0 0 0 0 0 0 0 0 0 0 37 27 5 43 47 7 24 12 48 28 13 0 56 21 55 37 26 7 54 0 61 50 8 56 7 61 3 
0 0 6 0 0 0 0 0 0 0 0 0 0 0 0 0 50 0 0 0 0 0 0 0 0 0 0 0 58 36 55 3 49 4 59 27 46 10 3 9 52 31 35 0 0 35 16 34 12 0 49 52 0 58 31 
0 0 61 0 0 0 0 0 0 0 0 0 0 0 0 0 0 15 0 0 0 0 0 0 0 0 0 0 58 5 1 54 0 19 28 4 34 31 13 50 56 46 7 48 28 25 18 50 54 0 45 52 7 33 11 
0 0 10 0 0 0 0 0 0 0 0 0 0 0 0 0 0 0 14 0 0 0 0 0 0 0 0 0 20 19 20 57 0 1 38 55 0 56 13 62 52 15 42 37 6 37 55 34 10 34 28 12 7 30 54 
0 0 42 0 0 0 0 0 0 0 0 0 0 0 0 0 0 0 0 39 0 0 0 0 0 0 0 0 48 0 21 56 47 42 13 7 44 2 0 11 52 54 25 21 0 10 9 50 9 34 44 0 32 33 10 
0 0 55 0 0 0 0 0 0 0 0 0 0 0 0 0 0 0 0 0 29 0 0 0 0 0 0 0 10 43 5 60 49 19 56 48 32 4 14 49 0 6 38 0 6 38 34 34 60 16 27 56 39 28 42 
0 0 3 0 0 0 0 0 0 0 0 0 0 0 0 0 0 0 0 0 0 49 0 0 0 0 0 0 59 51 14 41 0 29 33 46 46 7 14 43 56 6 57 37 26 28 45 16 27 34 19 12 39 41 12 
0 0 49 0 0 0 0 0 0 0 0 0 0 0 0 0 0 0 0 0 0 0 0 0 0 0 0 0 61 50 54 29 30 63 36 41 40 47 13 34 52 1 47 21 6 1 11 16 33 0 8 0 7 5 8 
0 0 6 0 0 0 0 0 0 0 0 0 0 0 0 0 0 0 0 0 0 0 0 57 0 0 0 0 30 10 60 35 30 12 6 45 60 58 13 24 0 44 33 48 28 10 38 0 32 34 13 56 32 26 59 
0 0 19 0 0 0 0 0 0 0 0 0 0 0 0 0 0 0 0 0 0 0 0 0 18 0 0 0 19 53 56 20 0 43 35 30 32 4 0 23 12 47 8 37 6 51 58 34 4 0 14 0 39 11 0 
0 0 57 0 0 0 0 0 0 0 0 0 0 0 0 0 0 0 0 0 0 0 0 0 0 24 0 0 27 39 49 5 49 17 34 43 60 49 0 63 56 59 17 48 6 24 42 34 28 0 36 12 32 26 48 
0 0 21 0 0 0 0 0 0 0 0 0 0 0 0 0 0 0 0 0 0 0 0 0 0 0 20 0 53 63 49 58 0 1 8 14 43 59 3 32 12 20 1 37 6 55 7 34 16 50 12 0 0 13 61 
0 0 1 0 0 0 0 0 0 0 0 0 0 0 0 0 0 0 0 0 0 0 0 0 0 0 0 41 1 23 58 41 49 0 42 58 58 27 13 28 12 37 59 21 28 52 33 50 58 16 58 56 39 53 26 
0 0 0 16 61 0 0 0 0 0 0 0 0 0 0 0 0 0 0 0 0 0 0 0 0 0 0 0 45 2 39 18 3 35 26 2 40 62 57 8 51 54 48 7 55 14 35 40 11 38 43 42 39 42 31 
0 0 0 8 0 10 0 0 0 0 0 0 0 0 0 0 0 0 0 0 0 0 0 0 0 0 0 0 22 53 0 24 20 9 28 56 31 36 43 35 56 0 0 41 0 6 62 6 21 27 7 35 53 25 15 
0 0 0 45 0 0 60 0 0 0 0 0 0 0 0 0 0 0 0 0 0 0 0 0 0 0 0 0 11 55 0 51 49 42 0 59 10 27 13 24 55 0 0 56 0 47 45 12 5 0 33 9 16 26 32 
0 0 0 28 0 0 0 34 0 0 0 0 0 0 0 0 0 0 0 0 0 0 0 0 0 0 0 0 55 0 32 50 55 42 6 18 48 43 57 32 36 15 48 10 55 36 34 49 35 38 34 0 4 56 10 
0 0 0 21 0 0 0 0 24 0 0 0 0 0 0 0 0 0 0 0 0 0 0 0 0 0 0 0 19 55 32 44 5 35 28 43 18 4 22 9 46 54 21 49 55 8 22 2 26 27 29 42 28 57 18 
0 0 0 6 0 0 0 0 0 48 0 0 0 0 0 0 0 0 0 0 0 0 0 0 0 0 0 0 36 53 39 13 36 9 0 47 6 22 45 38 14 57 37 39 2 10 53 27 15 27 41 35 52 49 26 
0 0 0 26 0 0 0 0 0 0 51 0 0 0 0 0 0 0 0 0 0 0 0 0 0 0 0 0 17 0 0 20 20 0 28 24 50 42 0 25 18 15 48 31 53 0 50 24 48 0 47 42 31 63 17 
0 0 0 7 0 0 0 0 0 0 0 28 0 0 0 0 0 0 0 0 0 0 0 0 0 0 0 0 41 2 39 61 52 9 26 31 9 61 50 28 37 15 21 30 0 61 23 18 3 61 8 9 34 37 59 
0 0 0 59 0 0 0 0 0 0 0 0 20 0 0 0 0 0 0 0 0 0 0 0 0 0 0 0 11 2 39 20 60 0 6 12 33 60 56 13 9 0 37 25 55 59 12 58 16 27 18 35 38 15 1 
0 0 0 12 0 0 0 0 0 0 0 0 0 24 0 0 0 0 0 0 0 0 0 0 0 0 0 0 14 2 0 12 61 0 6 1 57 54 6 1 18 57 21 41 55 51 39 46 56 61 38 42 24 41 57 
0 0 0 21 0 0 0 0 0 0 0 0 0 0 24 0 0 0 0 0 0 0 0 0 0 0 0 0 16 53 32 52 43 0 6 21 3 35 37 1 46 54 37 62 55 59 21 25 2 27 24 0 61 3 4 
0 0 0 29 0 0 0 0 0 0 0 0 0 0 0 16 0 0 0 0 0 0 0 0 0 0 0 0 30 55 7 26 44 35 26 12 21 28 47 42 54 54 21 21 55 39 42 4 51 61 41 35 15 58 41 
0 0 0 57 0 0 0 0 0 0 0 0 0 0 0 0 2 0 0 0 0 0 0 0 0 0 0 0 31 55 32 32 23 9 28 5 36 27 16 0 53 15 48 9 0 9 49 4 12 0 16 9 43 26 47 
0 0 0 48 0 0 0 0 0 0 0 0 0 0 0 0 0 6 0 0 0 0 0 0 0 0 0 0 31 0 39 15 48 42 26 43 16 14 30 17 6 15 21 28 53 8 59 54 54 0 45 9 29 1 30 
0 0 0 27 0 0 0 0 0 0 0 0 0 0 0 0 0 0 13 0 0 0 0 0 0 0 0 0 21 55 39 31 22 42 0 24 0 56 2 29 37 57 0 1 2 21 61 58 4 27 61 42 26 25 33 
0 0 0 36 0 0 0 0 0 0 0 0 0 0 0 0 0 0 0 25 0 0 0 0 0 0 0 0 31 55 0 12 56 42 26 40 56 2 33 11 0 54 0 14 0 36 6 59 9 27 16 0 43 1 10 
0 0 0 20 0 0 0 0 0 0 0 0 0 0 0 0 0 0 0 0 3 0 0 0 0 0 0 0 36 53 39 8 17 9 6 48 63 12 24 18 32 15 37 63 2 27 30 29 60 38 6 35 26 60 45 
0 0 0 2 0 0 0 0 0 0 0 0 0 0 0 0 0 0 0 0 0 62 0 0 0 0 0 0 47 53 7 0 30 9 28 1 23 15 38 43 37 0 21 46 55 26 23 20 21 27 47 42 11 14 62 
0 0 0 52 0 0 0 0 0 0 0 0 0 0 0 0 0 0 0 0 0 0 15 0 0 0 0 0 63 2 0 56 37 42 28 6 62 54 49 8 30 0 37 39 2 59 51 35 44 0 41 0 19 37 55 
0 0 0 35 0 0 0 0 0 0 0 0 0 0 0 0 0 0 0 0 0 0 0 26 0 0 0 0 21 0 7 7 11 0 6 28 57 50 33 24 16 15 37 57 53 36 8 19 45 27 44 35 12 26 37 
0 0 0 14 0 0 0 0 0 0 0 0 0 0 0 0 0 0 0 0 0 0 0 0 13 0 0 0 17 2 0 50 6 0 28 49 39 21 56 61 60 15 48 42 2 43 62 58 10 0 19 0 15 11 36 
0 0 0 40 0 0 0 0 0 0 0 0 0 0 0 0 0 0 0 0 0 0 0 0 0 24 0 0 44 2 32 58 41 42 0 53 57 32 0 28 11 15 48 49 2 51 28 10 18 0 57 42 22 29 21 
0 0 0 45 0 0 0 0 0 0 0 0 0 0 0 0 0 0 0 0 0 0 0 0 0 0 62 0 8 53 7 59 58 35 6 16 43 59 24 3 40 54 21 19 2 2 11 24 16 61 12 0 59 42 17 
0 0 0 1 0 0 0 0 0 0 0 0 0 0 0 0 0 0 0 0 0 0 0 0 0 0 0 5 58 2 0 0 44 35 28 58 59 2 42 54 19 15 0 22 53 12 47 8 58 38 58 35 62 50 50 
0 0 0 0 44 37 0 0 0 0 0 0 0 0 0 0 0 0 0 0 0 0 0 0 0 0 0 0 62 23 27 23 25 30 59 54 33 6 15 9 44 32 52 4 17 28 40 62 11 61 7 60 32 50 31 
0 0 0 0 35 0 46 0 0 0 0 0 0 0 0 0 0 0 0 0 0 0 0 0 0 0 0 0 54 12 15 23 60 4 21 56 52 43 15 34 2 43 38 44 47 63 4 22 11 4 33 9 39 54 20 
0 0 0 0 54 0 0 18 0 0 0 0 0 0 0 0 0 0 0 0 0 0 0 0 0 0 0 0 6 47 18 18 58 62 11 34 38 14 0 7 54 2 10 14 27 46 17 40 11 2 34 55 7 12 20 
0 0 0 0 0 0 0 0 36 0 0 0 0 0 0 0 0 0 0 0 0 0 0 0 0 0 0 0 1 49 62 18 6 34 38 47 18 1 54 59 57 10 13 15 31 18 55 0 31 48 46 30 32 54 20 
0 0 0 0 15 0 0 0 0 54 0 0 0 0 0 0 0 0 0 0 0 0 0 0 0 0 0 0 46 3 47 0 41 52 24 4 16 40 54 10 21 47 20 39 20 39 62 62 11 43 41 26 32 5 11 
0 0 0 0 58 0 0 0 0 0 23 0 0 0 0 0 0 0 0 0 0 0 0 0 0 0 0 0 29 52 13 0 23 52 38 6 36 11 57 25 36 58 44 11 57 3 25 0 0 59 28 27 39 44 11 
0 0 0 0 43 0 0 0 0 0 0 17 0 0 0 0 0 0 0 0 0 0 0 0 0 0 0 0 4 23 29 18 52 2 43 22 55 24 54 26 62 1 38 54 20 43 5 62 11 62 8 14 7 19 11 
0 0 0 0 62 0 0 0 0 0 0 0 25 0 0 0 0 0 0 0 0 0 0 0 0 0 0 0 27 44 61 23 50 54 38 13 33 29 15 18 42 52 37 17 11 58 18 22 0 40 10 58 7 57 20 
0 0 0 0 13 0 0 0 0 0 0 0 0 55 0 0 0 0 0 0 0 0 0 0 0 0 0 0 13 16 59 0 61 4 33 14 17 47 57 42 15 58 14 35 24 37 41 40 0 32 13 14 32 39 31 
0 0 0 0 3 0 0 0 0 0 0 0 0 0 24 0 0 0 0 0 0 0 0 0 0 0 0 0 11 51 49 0 40 41 18 7 61 55 54 59 18 15 12 49 63 58 57 62 11 44 24 29 0 13 11 
0 0 0 0 54 0 0 0 0 0 0 0 0 0 0 60 0 0 0 0 0 0 0 0 0 0 0 0 43 27 45 5 34 15 35 56 21 26 54 50 18 26 48 34 13 45 9 0 20 52 2 19 7 50 31 
0 0 0 0 4 0 0 0 0 0 0 0 0 0 0 0 17 0 0 0 0 0 0 0 0 0 0 0 57 36 14 18 26 21 24 16 36 43 57 8 47 29 56 35 9 42 52 22 0 50 59 0 0 63 31 
0 0 0 0 55 0 0 0 0 0 0 0 0 0 0 0 0 26 0 0 0 0 0 0 0 0 0 0 57 5 59 0 48 10 14 45 16 27 54 0 55 3 37 38 35 18 25 62 0 13 45 63 7 25 11 
0 0 0 0 63 0 0 0 0 0 0 0 0 0 0 0 0 0 34 0 0 0 0 0 0 0 0 0 25 19 30 5 22 24 61 6 0 52 54 56 13 21 9 61 45 51 47 22 20 57 22 2 7 24 20 
0 0 0 0 21 0 0 0 0 0 0 0 0 0 0 0 0 0 0 62 0 0 0 0 0 0 0 0 61 0 37 0 54 51 6 35 6 53 0 31 24 19 17 36 20 46 63 62 0 41 8 42 32 25 31 
0 0 0 0 1 0 0 0 0 0 0 0 0 0 0 0 0 0 0 0 5 0 0 0 0 0 0 0 7 43 22 5 28 2 29 37 23 16 15 14 7 21 42 44 17 61 12 22 0 47 53 57 39 2 31 
0 0 0 0 43 0 0 0 0 0 0 0 0 0 0 0 0 0 0 0 0 44 0 0 0 0 0 0 53 51 57 23 30 12 4 14 1 30 15 24 62 28 51 35 36 8 47 40 20 52 55 51 39 41 11 
0 0 0 0 11 0 0 0 0 0 0 0 0 0 0 0 0 0 0 0 0 0 12 0 0 0 0 0 62 50 15 23 38 38 19 41 62 7 54 0 55 59 9 32 34 52 8 40 11 15 2 52 7 19 20 
0 0 0 0 44 0 0 0 0 0 0 0 0 0 0 0 0 0 0 0 0 0 0 3 0 0 0 0 29 10 27 18 8 12 11 45 17 56 54 51 34 54 10 22 36 32 59 0 11 4 7 44 32 28 31 
0 0 0 0 34 0 0 0 0 0 0 0 0 0 0 0 0 0 0 0 0 0 0 0 62 0 0 0 29 53 12 18 6 43 51 43 39 38 0 55 46 56 11 14 34 27 33 22 20 1 32 38 39 20 31 
0 0 0 0 51 0 0 0 0 0 0 0 0 0 0 0 0 0 0 0 0 0 0 0 0 19 0 0 22 39 20 18 36 8 16 53 17 17 0 3 52 51 26 15 48 37 19 22 20 16 10 5 32 53 0 
0 0 0 0 23 0 0 0 0 0 0 0 0 0 0 0 0 0 0 0 0 0 0 0 0 0 6 0 56 63 21 0 58 9 8 32 3 58 57 23 37 33 63 56 45 56 60 22 0 56 12 1 0 35 11 
0 0 0 0 1 0 0 0 0 0 0 0 0 0 0 0 0 0 0 0 0 0 0 0 0 0 0 42 1 23 59 23 33 8 16 1 59 11 54 40 31 28 1 15 5 54 27 62 0 15 58 45 39 43 20 
0 0 0 0 0 44 57 0 0 0 0 0 0 0 0 0 0 0 0 0 0 0 0 0 0 0 0 0 40 42 0 24 48 24 37 3 37 55 27 9 53 0 0 4 0 6 0 40 16 41 0 11 23 31 22 
0 0 0 0 0 37 0 14 0 0 0 0 0 0 0 0 0 0 0 0 0 0 0 0 0 0 0 0 62 49 61 8 42 25 46 38 1 18 15 0 6 39 52 4 17 0 62 41 54 8 0 2 43 52 60 
0 0 0 0 0 39 0 0 30 0 0 0 0 0 0 0 0 0 0 0 0 0 0 0 0 0 0 0 22 12 61 39 3 44 60 39 5 7 13 9 28 32 56 4 17 26 40 55 42 3 32 19 45 15 36 
0 0 0 0 0 50 0 0 0 61 0 0 0 0 0 0 0 0 0 0 0 0 0 0 0 0 0 0 0 11 27 3 21 35 43 27 14 52 55 9 15 7 12 4 25 26 40 60 26 62 0 27 59 7 35 
0 0 0 0 0 55 0 0 0 0 47 0 0 0 0 0 0 0 0 0 0 0 0 0 0 0 0 0 62 12 0 11 11 12 60 44 54 13 43 9 61 39 52 0 8 26 40 43 48 58 32 1 33 19 40 
0 0 0 0 0 35 0 0 0 0 0 6 0 0 0 0 0 0 0 0 0 0 0 0 0 0 0 0 40 18 27 62 56 26 8 39 40 2 35 0 4 39 56 41 0 28 0 31 22 51 0 44 48 29 2 
0 0 0 0 0 58 0 0 0 0 0 0 24 0 0 0 0 0 0 0 0 0 0 0 0 0 0 0 62 40 27 56 42 57 7 56 29 29 44 9 35 0 12 0 17 0 22 39 16 48 39 28 25 54 55 
0 0 0 0 0 58 0 0 0 0 0 0 0 43 0 0 0 0 0 0 0 0 0 0 0 0 0 0 0 53 0 56 27 41 39 53 41 51 55 9 9 7 56 45 17 6 40 34 56 28 7 49 4 37 54 
0 0 0 0 0 30 0 0 0 0 0 0 0 0 11 0 0 0 0 0 0 0 0 0 0 0 0 0 40 46 61 12 39 45 63 25 6 45 38 0 40 32 12 45 17 0 40 11 23 25 0 33 38 14 61 
0 0 0 0 0 37 0 0 0 0 0 0 0 0 0 4 0 0 0 0 0 0 0 0 0 0 0 0 62 47 38 45 24 40 17 12 37 26 2 9 59 32 56 41 17 28 22 45 22 23 7 49 52 16 38 
0 0 0 0 0 0 0 0 0 0 0 0 0 0 0 0 17 0 0 0 0 0 0 0 0 0 0 0 22 60 61 31 13 31 42 61 10 55 9 35 14 39 52 0 0 0 22 49 12 16 7 33 24 14 32 
0 0 0 0 0 42 0 0 0 0 0 0 0 0 0 0 0 59 0 0 0 0 0 0 0 0 0 0 22 18 27 54 21 21 56 31 50 7 28 42 46 39 56 4 8 26 62 21 54 3 0 50 35 51 39 
0 0 0 0 0 56 0 0 0 0 0 0 0 0 0 0 0 0 41 0 0 0 0 0 0 0 0 0 40 62 27 63 40 2 27 44 0 52 6 42 60 7 0 41 25 26 40 39 33 41 7 9 4 25 23 
0 0 0 0 0 32 0 0 0 0 0 0 0 0 0 0 0 0 0 17 0 0 0 0 0 0 0 0 40 18 0 56 7 26 33 28 7 53 60 0 12 32 0 45 0 0 62 27 9 11 39 35 47 51 5 
0 0 0 0 0 36 0 0 0 0 0 0 0 0 0 0 0 0 0 0 23 0 0 0 0 0 0 0 40 29 27 58 23 26 6 48 51 22 43 42 39 39 12 0 25 0 62 32 60 12 32 18 51 21 34 
0 0 0 0 0 34 0 0 0 0 0 0 0 0 0 0 0 0 0 0 0 22 0 0 0 0 0 0 62 46 38 51 49 23 44 53 6 24 3 0 4 0 56 41 17 6 22 25 48 42 39 23 42 20 7 
0 0 0 0 0 27 0 0 0 0 0 0 0 0 0 0 0 0 0 0 0 0 52 0 0 0 0 0 22 7 0 7 36 42 62 50 22 29 45 9 61 0 12 45 25 6 62 44 57 54 7 12 46 29 1 
0 0 0 0 0 32 0 0 0 0 0 0 0 0 0 0 0 0 0 0 0 0 0 12 0 0 0 0 22 36 38 63 0 56 46 16 41 62 15 0 50 39 12 4 8 6 22 63 56 15 7 34 15 6 42 
0 0 0 0 0 59 0 0 0 0 0 0 0 0 0 0 0 0 0 0 0 0 0 0 16 0 0 0 62 32 0 8 26 24 25 5 7 58 52 9 25 39 52 41 25 26 40 39 47 59 32 27 3 31 43 
0 0 0 0 0 38 0 0 0 0 0 0 0 0 0 0 0 0 0 0 0 0 0 0 0 43 0 0 40 55 61 25 27 32 50 13 41 13 0 42 32 39 52 4 25 6 40 50 55 34 32 46 9 48 21 
0 0 0 0 0 16 0 0 0 0 0 0 0 0 0 0 0 0 0 0 0 0 0 0 0 0 9 0 40 22 38 58 59 52 35 40 44 58 24 42 6 32 56 41 25 28 62 55 16 47 0 59 58 58 40 
0 0 0 0 0 1 0 0 0 0 0 0 0 0 0 0 0 0 0 0 0 0 0 0 0 0 0 49 0 18 0 51 12 15 51 58 1 17 16 9 7 39 0 45 8 6 22 3 58 11 0 25 29 1 4 
0 0 0 0 0 0 11 24 0 0 0 0 0 0 0 0 0 0 0 0 0 0 0 0 0 0 0 0 42 30 54 35 26 59 48 40 49 21 15 7 53 51 38 34 47 36 45 18 38 4 0 53 54 56 35 
0 0 0 0 0 0 63 0 1 0 0 0 0 0 0 0 0 0 0 0 0 0 0 0 0 0 0 0 52 27 54 12 38 20 37 42 5 16 48 25 55 43 61 35 47 22 4 53 8 41 29 56 62 57 16 
0 0 0 0 0 0 28 0 0 47 0 0 0 0 0 0 0 0 0 0 0 0 0 0 0 0 0 0 10 53 15 3 37 17 0 21 62 14 10 40 53 24 27 11 49 20 4 9 10 41 0 54 22 43 33 
0 0 0 0 0 0 20 0 0 0 5 0 0 0 0 0 0 0 0 0 0 0 0 0 0 0 0 0 23 56 0 11 46 56 37 34 6 52 13 59 55 51 38 11 30 30 4 51 48 0 29 47 15 63 62 
0 0 0 0 0 0 42 0 0 0 0 44 0 0 0 0 0 0 0 0 0 0 0 0 0 0 0 0 16 30 15 21 56 30 21 36 13 0 30 26 2 51 61 9 0 12 0 35 6 45 0 32 16 35 29 
0 0 0 0 0 0 49 0 0 0 0 0 22 0 0 0 0 0 0 0 0 0 0 0 0 0 0 0 11 31 15 32 63 15 48 54 29 33 55 48 0 0 27 17 47 59 41 57 16 41 60 17 20 15 60 
0 0 0 0 0 0 36 0 0 0 0 0 0 61 0 0 0 0 0 0 0 0 0 0 0 0 0 0 3 62 0 56 27 45 48 59 60 41 17 8 53 24 61 48 47 28 4 6 56 45 33 10 58 47 47 
0 0 0 0 0 0 60 0 0 0 0 0 0 0 38 0 0 0 0 0 0 0 0 0 0 0 0 0 38 32 54 12 2 4 48 20 35 49 27 59 53 43 27 34 47 59 4 60 7 41 0 60 61 3 14 
0 0 0 0 0 0 16 0 0 0 0 0 0 0 0 24 0 0 0 0 0 0 0 0 0 0 0 0 46 18 57 30 13 61 21 12 37 6 63 16 2 43 61 29 47 22 41 41 36 45 33 21 61 38 13 
0 0 0 0 0 0 40 0 0 0 0 0 0 0 0 0 42 0 0 0 0 0 0 0 0 0 0 0 0 62 54 52 61 12 37 62 10 0 47 24 53 51 38 35 0 9 41 17 12 0 33 35 43 28 17 
0 0 0 0 0 0 55 0 0 0 0 0 0 0 0 0 0 16 0 0 0 0 0 0 0 0 0 0 0 23 15 54 21 3 21 17 50 37 33 50 2 51 61 10 30 22 45 13 54 0 0 15 47 7 8 
0 0 0 0 0 0 11 0 0 0 0 0 0 0 0 0 0 0 50 0 0 0 0 0 0 0 0 0 49 11 15 12 40 6 0 34 0 12 59 10 53 24 0 2 49 11 4 57 19 41 33 62 40 5 59 
0 0 0 0 0 0 5 0 0 0 0 0 0 0 0 0 0 0 0 20 0 0 0 0 0 0 0 0 31 52 0 56 18 53 21 18 34 55 60 31 53 43 0 55 0 36 45 14 9 41 60 9 9 7 4 
0 0 0 0 0 0 15 0 0 0 0 0 0 0 0 0 0 0 0 0 2 0 0 0 0 0 0 0 30 11 15 9 39 30 48 48 38 9 48 60 0 51 27 44 49 27 45 25 60 4 29 28 10 58 36 
0 0 0 0 0 0 13 0 0 0 0 0 0 0 0 0 0 0 0 0 0 2 0 0 0 0 0 0 1 32 57 43 49 29 37 59 54 4 24 24 2 0 61 28 47 53 41 7 2 41 60 17 27 20 15 
0 0 0 0 0 0 62 0 0 0 0 0 0 0 0 0 0 0 0 0 0 0 58 0 0 0 0 0 39 46 0 31 1 16 37 60 22 20 16 34 53 0 27 51 49 20 45 5 41 0 33 56 33 35 5 
0 0 0 0 0 0 12 0 0 0 0 0 0 0 0 0 0 0 0 0 0 0 0 56 0 0 0 0 46 46 57 20 37 52 48 29 60 31 50 51 0 51 27 58 30 11 41 44 40 41 33 57 46 26 53 
0 0 0 0 0 0 11 0 0 0 0 0 0 0 0 0 0 0 0 0 0 0 0 0 16 0 0 0 23 14 0 35 26 51 37 11 7 3 52 21 55 51 38 49 49 53 4 57 29 0 29 61 31 11 14 
0 0 0 0 0 0 57 0 0 0 0 0 0 0 0 0 0 0 0 0 0 0 0 0 0 63 0 0 7 11 54 50 43 52 0 14 60 1 0 49 2 51 38 35 49 28 4 28 5 0 29 30 52 1 48 
0 0 0 0 0 0 30 0 0 0 0 0 0 0 0 0 0 0 0 0 0 0 0 0 0 0 34 0 13 20 57 58 59 39 48 43 57 1 62 37 55 43 61 7 49 51 45 11 16 45 0 58 59 48 62 
0 0 0 0 0 0 1 0 0 0 0 0 0 0 0 0 0 0 0 0 0 0 0 0 0 0 0 62 59 30 0 43 60 29 37 58 1 44 45 10 55 51 0 28 30 35 41 37 58 4 0 3 46 46 23 
0 0 0 0 0 0 0 7 47 0 0 0 0 0 0 0 0 0 0 0 0 0 0 0 0 0 0 0 27 30 63 30 32 46 15 29 23 53 54 7 0 44 35 1 4 10 36 2 19 5 16 55 47 0 51 
0 0 0 0 0 0 0 28 0 29 0 0 0 0 0 0 0 0 0 0 0 0 0 0 0 0 0 0 46 49 35 13 63 16 51 38 57 27 54 7 9 43 48 41 41 10 7 52 44 30 0 2 17 56 40 
0 0 0 0 0 0 0 16 0 0 49 0 0 0 0 0 0 0 0 0 0 0 0 0 0 0 0 0 27 0 3 20 40 56 15 36 53 17 57 7 33 12 38 11 31 10 0 24 48 59 16 55 15 0 55 
0 0 0 0 0 0 0 18 0 0 0 54 0 0 0 0 0 0 0 0 0 0 0 0 0 0 0 0 24 47 51 15 56 31 19 6 63 48 54 0 30 13 8 59 20 46 23 61 32 9 0 53 61 52 20 
0 0 0 0 0 0 0 46 0 0 0 0 56 0 0 0 0 0 0 0 0 0 0 0 0 0 0 0 29 47 52 4 35 15 4 47 60 33 15 7 35 56 1 17 16 0 28 36 16 29 50 2 16 0 31 
0 0 0 0 0 0 0 5 0 0 0 0 0 10 0 0 0 0 0 0 0 0 0 0 0 0 0 0 13 47 58 12 27 45 35 44 63 60 57 7 15 14 32 32 3 36 21 31 56 23 34 55 2 52 5 
0 0 0 0 0 0 0 51 0 0 0 0 0 0 52 0 0 0 0 0 0 0 0 0 0 0 0 0 23 49 9 52 4 4 8 53 27 1 54 0 46 59 40 50 36 0 39 54 33 25 0 0 27 0 7 
0 0 0 0 0 0 0 14 0 0 0 0 0 0 0 24 0 0 0 0 0 0 0 0 0 0 0 0 45 30 1 56 17 7 2 56 48 6 54 7 33 30 30 47 22 46 58 4 25 3 34 2 20 12 39 
0 0 0 0 0 0 0 9 0 0 0 0 0 0 0 0 17 0 0 0 0 0 0 0 0 0 0 0 35 30 26 18 39 13 39 0 46 21 57 32 8 11 50 35 9 0 33 26 12 50 34 53 51 52 59 
0 0 0 0 0 0 0 7 0 0 0 0 0 0 0 0 0 7 0 0 0 0 0 0 0 0 0 0 35 0 40 15 21 56 6 15 34 48 54 39 52 58 11 40 5 10 25 25 54 13 0 53 17 52 1 
0 0 0 0 0 0 0 8 0 0 0 0 0 0 0 0 0 0 22 0 0 0 0 0 0 0 0 0 5 30 61 61 40 61 38 36 0 12 54 39 58 16 9 48 16 10 15 36 46 12 34 55 49 12 24 
0 0 0 0 0 0 0 38 0 0 0 0 0 0 0 0 0 0 0 9 0 0 0 0 0 0 0 0 33 30 21 12 14 14 23 1 33 55 0 0 10 61 17 39 20 0 36 20 9 28 50 0 26 52 46 
0 0 0 0 0 0 0 60 0 0 0 0 0 0 0 0 0 0 0 0 53 0 0 0 0 0 0 0 27 49 44 42 61 31 62 37 35 44 15 39 39 18 14 44 44 0 60 3 60 45 16 2 24 52 14 
0 0 0 0 0 0 0 40 0 0 0 0 0 0 0 0 0 0 0 0 0 42 0 0 0 0 0 0 51 49 10 16 49 28 61 44 32 33 15 0 30 6 29 46 63 36 7 37 63 1 50 55 16 56 6 
0 0 0 0 0 0 0 42 0 0 0 0 0 0 0 0 0 0 0 0 0 0 38 0 0 0 0 0 36 47 54 40 7 43 56 11 40 36 54 7 59 1 45 35 31 36 17 18 15 15 34 0 18 52 38 
0 0 0 0 0 0 0 52 0 0 0 0 0 0 0 0 0 0 0 0 0 0 0 21 0 0 0 0 7 0 56 53 35 52 0 31 63 58 54 0 50 56 46 24 2 36 24 19 14 49 34 2 29 0 31 
0 0 0 0 0 0 0 10 0 0 0 0 0 0 0 0 0 0 0 0 0 0 0 0 30 0 0 0 27 47 56 0 26 51 63 9 32 22 0 7 5 59 1 3 31 10 12 36 32 1 16 0 61 0 36 
0 0 0 0 0 0 0 61 0 0 0 0 0 0 0 0 0 0 0 0 0 0 0 0 0 49 0 0 10 47 28 8 49 15 34 37 63 20 0 39 58 47 16 1 13 36 46 20 56 16 16 55 1 12 48 
0 0 0 0 0 0 0 33 0 0 0 0 0 0 0 0 0 0 0 0 0 0 0 0 0 0 4 0 36 49 53 59 59 29 14 48 40 1 57 39 26 31 17 53 16 46 41 6 16 15 0 0 1 56 55 
0 0 0 0 0 0 0 1 0 0 0 0 0 0 0 0 0 0 0 0 0 0 0 0 0 0 0 20 1 47 58 16 38 39 54 1 58 28 54 7 27 49 1 12 35 36 63 39 58 13 0 2 18 12 52 
0 0 0 0 0 0 0 0 42 28 0 0 0 0 0 0 0 0 0 0 0 0 0 0 0 0 0 0 36 19 15 13 51 6 43 6 23 19 1 49 42 11 28 40 0 55 9 55 44 61 4 53 22 57 3 
0 0 0 0 0 0 0 0 11 0 22 0 0 0 0 0 0 0 0 0 0 0 0 0 0 0 0 0 61 56 3 20 17 52 0 51 23 10 22 34 60 20 30 11 50 25 46 0 37 58 34 5 8 0 28 
0 0 0 0 0 0 0 0 38 0 0 43 0 0 0 0 0 0 0 0 0 0 0 0 0 0 0 0 22 35 31 17 52 48 21 32 5 34 10 26 47 47 51 0 20 10 5 55 20 61 25 63 52 15 63 
0 0 0 0 0 0 0 0 59 0 0 0 31 0 0 0 0 0 0 0 0 0 0 0 0 0 0 0 39 34 24 43 46 54 38 44 0 29 50 41 9 52 51 17 20 1 16 53 34 51 36 21 29 0 44 
0 0 0 0 0 0 0 0 0 0 0 0 0 8 0 0 0 0 0 0 0 0 0 0 0 0 0 0 14 3 58 12 61 4 6 34 18 20 12 17 54 30 13 26 7 16 30 2 52 18 32 16 41 15 29 
0 0 0 0 0 0 0 0 49 0 0 0 0 0 36 0 0 0 0 0 0 0 0 0 0 0 0 0 47 6 54 52 46 41 30 22 5 13 24 59 10 5 55 8 32 1 14 55 47 26 43 29 38 0 44 
0 0 0 0 0 0 0 0 47 0 0 0 0 0 0 23 0 0 0 0 0 0 0 0 0 0 0 0 50 9 18 9 62 45 12 52 0 26 54 9 60 16 27 20 18 22 11 0 55 25 25 60 48 54 63 
0 0 0 0 0 0 0 0 30 0 0 0 0 0 0 0 4 0 0 0 0 0 0 0 0 0 0 0 12 37 37 12 0 39 22 60 0 16 36 9 17 51 1 35 9 35 54 53 56 16 47 49 24 15 35 
0 0 0 0 0 0 0 0 36 0 0 0 0 0 0 0 0 22 0 0 0 0 0 0 0 0 0 0 12 23 4 15 48 26 37 43 0 32 25 58 12 45 62 41 40 0 44 55 57 3 41 14 39 15 42 
0 0 0 0 0 0 0 0 6 0 0 0 0 0 0 0 0 0 2 0 0 0 0 0 0 0 0 0 42 16 17 12 22 8 27 51 0 52 31 2 1 49 35 11 57 60 24 53 53 42 6 28 0 54 43 
0 0 0 0 0 0 0 0 33 0 0 0 0 0 0 0 0 0 0 17 0 0 0 0 0 0 0 0 32 47 21 12 42 35 60 38 5 53 29 31 36 25 8 29 20 10 10 55 42 8 19 42 2 15 54 
0 0 0 0 0 0 0 0 55 0 0 0 0 0 0 0 0 0 0 0 47 0 0 0 0 0 0 0 27 45 0 27 6 48 39 21 18 17 21 52 32 59 10 44 5 38 57 53 29 1 38 22 26 15 22 
0 0 0 0 0 0 0 0 60 0 0 0 0 0 0 0 0 0 0 0 0 34 0 0 0 0 0 0 3 6 25 63 30 62 16 34 23 31 3 24 47 28 22 21 59 20 45 2 44 41 63 45 3 57 45 
0 0 0 0 0 0 0 0 48 0 0 0 0 0 0 0 0 0 0 0 0 0 46 0 0 0 0 0 44 19 54 7 32 54 2 2 0 61 7 59 58 59 32 25 54 9 61 2 37 54 25 52 42 15 21 
0 0 0 0 0 0 0 0 15 0 0 0 0 0 0 0 0 0 0 0 0 0 0 37 0 0 0 0 6 46 43 43 14 12 15 53 18 57 53 51 16 24 45 25 47 2 57 0 30 12 14 3 34 0 7 
0 0 0 0 0 0 0 0 12 0 0 0 0 0 0 0 0 0 0 0 0 0 0 0 36 0 0 0 61 51 56 30 6 43 37 55 0 29 12 12 18 22 25 56 54 42 22 53 56 59 3 38 42 0 60 
0 0 0 0 0 0 0 0 60 0 0 0 0 0 0 0 0 0 0 0 0 0 0 0 0 18 0 0 19 54 35 22 62 24 50 41 18 42 0 57 1 29 17 0 36 16 36 53 11 34 10 27 36 54 48 
0 0 0 0 0 0 0 0 43 0 0 0 0 0 0 0 0 0 0 0 0 0 0 0 0 0 63 0 55 50 38 59 58 43 2 25 18 58 61 45 6 43 34 14 57 38 9 53 34 33 52 1 58 57 28 
0 0 0 0 0 0 0 0 1 0 0 0 0 0 0 0 0 0 0 0 0 0 0 0 0 0 0 49 58 35 58 63 59 42 15 59 0 49 33 19 61 50 58 54 14 60 25 55 1 6 59 2 52 54 7 
0 0 0 0 0 0 0 0 0 29 28 0 0 0 0 0 0 0 0 0 0 0 0 0 0 0 0 0 46 12 13 0 59 12 43 2 12 55 45 19 11 31 43 11 16 46 39 43 48 58 4 39 32 63 20 
0 0 0 0 0 0 0 0 0 54 0 1 0 0 0 0 0 0 0 0 0 0 0 0 0 0 0 0 10 6 50 13 56 57 24 59 48 13 11 26 61 37 4 22 11 63 5 35 12 27 0 17 10 59 29 
0 0 0 0 0 0 0 0 0 44 0 0 30 0 0 0 0 0 0 0 0 0 0 0 0 0 0 0 46 60 18 3 15 57 51 9 60 33 8 24 35 12 30 17 11 1 58 6 16 14 45 7 35 15 60 
0 0 0 0 0 0 0 0 0 29 0 0 0 57 0 0 0 0 0 0 0 0 0 0 0 0 0 0 0 33 59 0 27 41 51 10 9 39 55 32 6 48 18 36 39 18 23 63 56 52 41 23 63 55 44 
0 0 0 0 0 0 0 0 0 21 0 0 0 0 34 0 0 0 0 0 0 0 0 0 0 0 0 0 10 37 0 0 23 45 51 46 20 60 25 59 39 25 51 54 7 1 7 55 13 39 0 33 38 3 49 
0 0 0 0 0 0 0 0 0 14 0 0 0 0 0 54 0 0 0 0 0 0 0 0 0 0 0 0 46 48 51 14 61 2 24 56 48 6 55 56 2 41 58 2 23 35 33 45 10 63 41 42 14 21 30 
0 0 0 0 0 0 0 0 0 10 0 0 0 0 0 0 35 0 0 0 0 0 0 0 0 0 0 0 36 35 63 13 24 60 43 61 46 14 31 38 1 63 32 35 42 35 28 16 12 16 41 28 24 4 4 
0 0 0 0 0 0 0 0 0 36 0 0 0 0 0 0 0 4 0 0 0 0 0 0 0 0 0 0 36 18 20 0 21 28 24 41 34 43 24 36 23 16 10 1 22 55 15 41 54 3 0 15 25 31 45 
0 0 0 0 0 0 0 0 0 44 0 0 0 0 0 0 0 0 17 0 0 0 0 0 0 0 0 0 10 33 49 14 40 11 0 2 0 12 30 28 51 1 42 29 15 11 17 6 61 23 41 47 62 54 27 
0 0 0 0 0 0 0 0 0 7 0 0 0 0 0 0 0 0 0 0 0 0 0 0 0 0 0 0 10 13 37 0 34 19 24 39 46 55 29 31 3 3 25 35 11 10 41 39 9 53 45 35 20 31 52 
0 0 0 0 0 0 0 0 0 6 0 0 0 0 0 0 0 0 0 0 42 0 0 0 0 0 0 0 10 22 57 14 2 57 51 37 21 10 47 42 39 46 40 44 18 38 26 1 60 26 4 9 50 34 51 
0 0 0 0 0 0 0 0 0 15 0 0 0 0 0 0 0 0 0 0 0 45 0 0 0 0 0 0 46 37 39 3 49 52 43 10 25 7 57 24 61 26 52 3 58 22 7 4 44 20 45 49 43 63 10 
0 0 0 0 0 0 0 0 0 24 0 0 0 0 0 0 0 0 0 0 0 0 22 0 0 0 0 0 36 19 15 3 20 35 43 45 40 25 6 10 50 58 33 39 57 11 30 49 35 54 41 12 20 59 51 
0 0 0 0 0 0 0 0 0 45 0 0 0 0 0 0 0 0 0 0 0 0 0 24 0 0 0 0 36 36 5 13 48 56 51 4 9 28 52 51 50 39 47 49 49 0 19 63 34 49 41 57 52 26 42 
0 0 0 0 0 0 0 0 0 15 0 0 0 0 0 0 0 0 0 0 0 0 0 0 9 0 0 0 46 52 12 13 26 24 43 47 32 13 12 61 47 42 11 46 57 29 31 6 51 59 4 27 2 11 16 
0 0 0 0 0 0 0 0 0 39 0 0 0 0 0 0 0 0 0 0 0 0 0 0 0 17 0 0 10 35 37 13 14 41 0 24 9 15 0 39 25 53 18 40 46 18 45 19 43 34 4 8 50 50 37 
0 0 0 0 0 0 0 0 0 48 0 0 0 0 0 0 0 0 0 0 0 0 0 0 0 0 58 0 10 29 11 0 59 30 51 13 30 1 6 51 48 19 12 24 15 19 42 22 16 7 0 59 58 27 20 
0 0 0 0 0 0 0 0 0 1 0 0 0 0 0 0 0 0 0 0 0 0 0 0 0 0 0 22 0 6 59 3 25 37 43 1 58 33 32 34 49 4 59 8 13 62 51 63 58 29 0 2 28 29 36 
0 0 0 0 0 0 0 0 0 0 18 12 0 0 0 0 0 0 0 0 0 0 0 0 0 0 0 0 37 52 13 20 52 12 21 12 8 12 50 26 50 1 53 31 31 27 5 43 48 1 25 40 41 19 9 
0 0 0 0 0 0 0 0 0 0 12 0 27 0 0 0 0 0 0 0 0 0 0 0 0 0 0 0 6 52 13 11 55 0 38 11 60 29 56 11 9 56 26 0 45 1 26 51 0 58 52 7 45 0 35 
0 0 0 0 0 0 0 0 0 0 45 0 0 20 0 0 0 0 0 0 0 0 0 0 0 0 0 0 13 52 0 0 61 0 6 8 61 48 6 51 23 58 29 20 18 24 48 24 0 1 18 21 12 19 39 
0 0 0 0 0 0 0 0 0 0 22 0 0 0 31 0 0 0 0 0 0 0 0 0 0 0 0 0 42 12 3 0 63 0 30 27 44 35 37 59 43 3 51 20 21 1 32 43 48 58 43 29 61 0 37 
0 0 0 0 0 0 0 0 0 0 49 0 0 0 0 24 0 0 0 0 0 0 0 0 0 0 0 0 54 56 14 31 39 52 12 56 48 26 47 43 33 38 35 31 55 7 1 0 21 1 43 46 4 44 21 
0 0 0 0 0 0 0 0 0 0 1 0 0 0 0 0 44 0 0 0 0 0 0 0 0 0 0 0 5 56 3 20 8 12 22 10 46 52 16 25 48 7 20 0 35 35 60 51 0 0 29 38 43 19 15 
0 0 0 0 0 0 0 0 0 0 16 0 0 0 0 0 0 11 0 0 0 0 0 0 0 0 0 0 5 0 13 0 48 56 37 43 34 4 30 8 17 54 54 11 28 25 8 43 0 0 41 25 22 19 57 
0 0 0 0 0 0 0 0 0 0 33 0 0 0 0 0 0 0 17 0 0 0 0 0 0 0 0 0 56 56 13 31 22 56 27 0 0 52 2 48 32 36 9 31 38 37 54 51 21 58 52 25 17 44 4 
0 0 0 0 0 0 0 0 0 0 37 0 0 0 0 0 0 0 0 61 0 0 0 0 0 0 0 0 28 56 0 0 51 56 60 37 22 53 33 31 5 5 17 20 31 10 46 43 0 58 3 42 63 19 63 
0 0 0 0 0 0 0 0 0 0 23 0 0 0 0 0 0 0 0 0 51 0 0 0 0 0 0 0 38 12 13 31 14 12 39 37 33 27 24 6 32 30 21 0 7 38 29 51 0 59 4 4 5 19 56 
0 0 0 0 0 0 0 0 0 0 5 0 0 0 0 0 0 0 0 0 0 5 0 0 0 0 0 0 40 12 14 11 30 12 16 8 21 21 38 24 50 6 32 31 51 28 39 24 21 58 47 40 20 63 30 
0 0 0 0 0 0 0 0 0 0 21 0 0 0 0 0 0 0 0 0 0 0 27 0 0 0 0 0 2 52 0 11 49 56 2 47 40 19 49 25 27 1 54 20 31 1 25 24 48 0 43 52 24 19 44 
0 0 0 0 0 0 0 0 0 0 43 0 0 0 0 0 0 0 0 0 0 0 0 51 0 0 0 0 33 0 14 20 31 0 15 49 61 51 33 51 16 52 53 11 60 10 51 0 48 58 60 17 24 0 33 
0 0 0 0 0 0 0 0 0 0 38 0 0 0 0 0 0 0 0 0 0 0 0 0 34 0 0 0 0 52 0 20 6 0 37 45 32 57 56 46 46 55 39 31 31 51 56 51 21 0 33 38 16 0 27 
0 0 0 0 0 0 0 0 0 0 50 0 0 0 0 0 0 0 0 0 0 0 0 0 0 40 0 0 55 52 3 20 54 56 50 47 61 14 0 11 28 35 54 11 26 24 10 51 21 0 40 30 2 44 37 
0 0 0 0 0 0 0 0 0 0 13 0 0 0 0 0 0 0 0 0 0 0 0 0 0 0 9 0 25 12 14 0 58 52 2 58 42 58 24 31 58 39 44 31 38 55 45 51 0 1 52 1 59 63 0 
0 0 0 0 0 0 0 0 0 0 1 0 0 0 0 0 0 0 0 0 0 0 0 0 0 0 0 48 1 52 0 11 51 52 15 1 58 31 42 49 1 61 1 20 33 52 19 43 0 59 59 16 33 44 59 
0 0 0 0 0 0 0 0 0 0 0 24 32 0 0 0 0 0 0 0 0 0 0 0 0 0 0 0 57 59 32 50 12 57 62 24 29 60 28 26 42 56 43 25 20 58 18 44 16 22 17 54 45 54 0 
0 0 0 0 0 0 0 0 0 0 0 2 0 27 0 0 0 0 0 0 0 0 0 0 0 0 0 0 3 7 59 12 0 41 57 21 63 45 40 26 39 0 62 6 20 22 5 54 56 49 8 13 25 56 13 
0 0 0 0 0 0 0 0 0 0 0 9 0 0 43 0 0 0 0 0 0 0 0 0 0 0 0 0 54 54 16 52 52 45 10 30 46 30 18 0 58 56 47 17 20 58 5 20 1 59 0 60 27 14 44 
0 0 0 0 0 0 0 0 0 0 0 60 0 0 0 1 0 0 0 0 0 0 0 0 0 0 0 0 28 9 17 1 12 52 8 12 37 28 60 26 44 29 40 11 20 6 18 45 62 46 8 50 41 49 63 
0 0 0 0 0 0 0 0 0 0 0 31 0 0 0 0 33 0 0 0 0 0 0 0 0 0 0 0 34 54 47 29 56 5 43 26 10 0 0 28 7 6 42 9 0 42 18 58 12 34 8 3 51 19 37 
0 0 0 0 0 0 0 0 0 0 0 4 0 0 0 0 0 61 0 0 0 0 0 0 0 0 0 0 34 5 38 15 0 19 37 63 50 21 19 6 9 55 13 45 31 10 23 10 54 14 0 47 44 46 48 
0 0 0 0 0 0 0 0 0 0 0 3 0 0 0 0 0 0 60 0 0 0 0 0 0 0 0 0 33 1 3 4 0 4 61 12 0 56 21 6 37 30 35 31 11 43 5 44 9 30 8 57 12 56 39 
0 0 0 0 0 0 0 0 0 0 0 0 0 0 0 0 0 0 0 60 0 0 0 0 0 0 0 0 15 18 37 12 12 28 45 60 47 2 29 0 48 62 8 33 0 46 23 4 9 44 17 9 1 46 21 
0 0 0 0 0 0 0 0 0 0 0 48 0 0 0 0 0 0 0 0 59 0 0 0 0 0 0 0 14 46 11 19 56 0 5 48 37 42 59 6 7 31 18 63 11 61 23 43 60 32 25 59 62 8 18 
0 0 0 0 0 0 0 0 0 0 0 55 0 0 0 0 0 0 0 0 0 47 0 0 0 0 0 0 51 54 5 38 0 13 55 21 56 41 45 0 0 6 37 48 20 59 18 13 24 16 17 22 54 40 23 
0 0 0 0 0 0 0 0 0 0 0 49 0 0 0 0 0 0 0 0 0 0 10 0 0 0 0 0 5 37 15 30 52 44 32 18 22 11 13 26 31 1 56 8 11 7 23 56 47 57 8 56 47 0 15 
0 0 0 0 0 0 0 0 0 0 0 32 0 0 0 0 0 0 0 0 0 0 0 2 0 0 0 0 12 10 39 58 52 56 19 23 63 20 63 0 34 53 53 8 31 19 18 63 46 5 8 30 6 6 11 
0 0 0 0 0 0 0 0 0 0 0 58 0 0 0 0 0 0 0 0 0 0 0 0 12 0 0 0 37 34 12 15 0 24 0 37 7 14 12 26 56 54 50 52 11 3 5 44 7 58 25 61 27 31 49 
0 0 0 0 0 0 0 0 0 0 0 53 0 0 0 0 0 0 0 0 0 0 0 0 0 20 0 0 23 48 53 7 56 38 16 42 63 59 0 6 10 34 58 0 11 22 5 57 31 50 25 25 26 17 37 
0 0 0 0 0 0 0 0 0 0 0 28 0 0 0 0 0 0 0 0 0 0 0 0 0 0 25 0 29 58 41 59 0 40 16 15 58 59 25 6 51 28 17 13 11 19 23 60 16 26 0 58 1 6 9 
0 0 0 0 0 0 0 0 0 0 0 1 0 0 0 0 0 0 0 0 0 0 0 0 0 0 0 58 59 0 59 38 56 19 35 58 1 63 43 26 9 60 58 57 31 5 18 28 58 7 0 36 52 32 24 
0 0 0 0 0 0 0 0 0 0 0 0 62 33 0 0 0 0 0 0 0 0 0 0 0 0 0 0 13 60 59 56 38 0 39 3 33 33 36 56 35 12 61 8 19 59 63 48 0 57 9 55 48 54 14 
0 0 0 0 0 0 0 0 0 0 0 0 45 0 8 0 0 0 0 0 0 0 0 0 0 0 0 0 54 12 23 12 36 0 12 4 29 60 25 59 35 52 45 8 52 0 29 51 16 41 51 33 27 0 19 
0 0 0 0 0 0 0 0 0 0 0 0 49 0 0 60 0 0 0 0 0 0 0 0 0 0 0 0 48 8 54 25 34 54 47 56 0 0 61 32 42 52 21 25 6 58 61 41 50 50 63 45 4 57 44 
0 0 0 0 0 0 0 0 0 0 0 0 8 0 0 0 34 0 0 0 0 0 0 0 0 0 0 0 31 55 40 19 36 57 14 30 0 33 26 13 35 56 17 0 9 0 27 40 0 16 48 59 51 54 48 
0 0 0 0 0 0 0 0 0 0 0 0 10 0 0 0 0 49 0 0 0 0 0 0 0 0 0 0 31 5 6 54 37 15 43 32 0 33 35 23 42 56 37 17 55 1 13 2 0 3 4 40 1 54 21 
0 0 0 0 0 0 0 0 0 0 0 0 55 0 0 0 0 0 56 0 0 0 0 0 0 0 0 0 36 0 35 11 62 15 38 11 0 0 57 47 35 12 42 25 50 1 35 0 50 25 52 15 33 57 7 
0 0 0 0 0 0 0 0 0 0 0 0 16 0 0 0 0 0 0 63 0 0 0 0 0 0 0 0 0 19 37 56 41 15 58 46 29 0 60 31 35 52 25 8 20 0 22 1 0 59 53 35 40 54 37 
0 0 0 0 0 0 0 0 0 0 0 0 16 0 0 0 0 0 0 0 23 0 0 0 0 0 0 0 58 20 43 14 56 57 58 37 33 29 7 25 0 56 54 0 14 0 61 32 0 25 25 14 58 54 5 
0 0 0 0 0 0 0 0 0 0 0 0 26 0 0 0 0 0 0 0 0 26 0 0 0 0 0 0 46 12 34 11 47 57 20 3 60 29 47 24 42 0 27 25 47 59 38 49 50 26 38 17 50 15 18 
0 0 0 0 0 0 0 0 0 0 0 0 19 0 0 0 0 0 0 0 0 0 39 0 0 0 0 0 24 30 15 63 41 15 17 36 0 60 18 18 35 0 63 8 61 59 20 51 16 54 63 12 2 54 57 
0 0 0 0 0 0 0 0 0 0 0 0 42 0 0 0 0 0 0 0 0 0 0 36 0 0 0 0 59 10 0 51 35 0 4 46 33 29 48 51 0 56 49 17 48 59 45 44 16 63 45 62 47 0 20 
0 0 0 0 0 0 0 0 0 0 0 0 32 0 0 0 0 0 0 0 0 0 0 0 30 0 0 0 6 25 12 4 28 0 22 38 0 33 52 37 9 56 58 25 61 1 46 0 50 59 41 27 31 0 47 
0 0 0 0 0 0 0 0 0 0 0 0 8 0 0 0 0 0 0 0 0 0 0 0 0 50 0 0 43 11 50 21 12 15 34 59 33 33 0 20 42 56 35 17 47 59 62 37 50 34 10 40 51 57 48 
0 0 0 0 0 0 0 0 0 0 0 0 2 0 0 0 0 0 0 0 0 0 0 0 0 0 7 0 5 0 14 58 1 54 10 46 33 0 11 0 9 52 35 25 50 58 24 50 0 10 56 59 1 15 35 
0 0 0 0 0 0 0 0 0 0 0 0 1 0 0 0 0 0 0 0 0 0 0 0 0 0 0 49 1 59 59 11 30 54 31 1 0 60 47 58 9 56 59 8 17 59 42 42 0 30 1 5 48 57 43 
0 0 0 0 0 0 0 0 0 0 0 0 0 21 1 0 0 0 0 0 0 0 0 0 0 0 0 0 3 17 58 0 61 0 43 10 53 28 63 59 33 12 57 5 39 59 16 61 56 20 24 29 38 14 50 
0 0 0 0 0 0 0 0 0 0 0 0 0 27 0 50 0 0 0 0 0 0 0 0 0 0 0 0 13 41 1 52 38 4 40 56 21 6 53 24 24 60 22 25 21 12 36 4 12 31 15 30 29 5 16 
0 0 0 0 0 0 0 0 0 0 0 0 0 54 0 0 49 0 0 0 0 0 0 0 0 0 0 0 14 22 58 12 27 41 46 19 36 41 22 1 7 26 2 42 9 9 25 14 0 34 54 3 24 43 22 
0 0 0 0 0 0 0 0 0 0 0 0 0 33 0 0 0 10 0 0 0 0 0 0 0 0 0 0 14 5 59 0 0 45 44 35 16 12 4 35 13 53 51 30 8 16 29 18 0 14 45 60 10 22 40 
0 0 0 0 0 0 0 0 0 0 0 0 0 16 0 0 0 0 48 0 0 0 0 0 0 0 0 0 3 33 59 52 0 45 38 8 0 12 24 27 53 49 35 18 30 13 6 48 12 49 27 12 45 12 46 
0 0 0 0 0 0 0 0 0 0 0 0 0 1 0 0 0 0 0 1 0 0 0 0 0 0 0 0 3 50 0 0 38 45 61 45 14 55 33 31 5 22 8 32 20 36 59 31 0 3 11 42 43 22 51 
0 0 0 0 0 0 0 0 0 0 0 0 0 3 0 0 0 0 0 0 2 0 0 0 0 0 0 0 3 9 59 52 27 41 29 37 6 13 4 45 39 11 4 19 34 27 8 23 0 62 59 52 30 48 20 
0 0 0 0 0 0 0 0 0 0 0 0 0 7 0 0 0 0 0 0 0 15 0 0 0 0 0 0 13 17 1 56 0 41 52 0 24 0 58 24 39 26 27 35 60 41 2 58 12 63 52 61 7 36 8 
0 0 0 0 0 0 0 0 0 0 0 0 0 50 0 0 0 0 0 0 0 0 30 0 0 0 0 0 14 34 0 56 61 45 49 39 62 57 43 42 52 58 46 13 17 8 12 13 56 57 15 52 7 56 56 
0 0 0 0 0 0 0 0 0 0 0 0 0 2 0 0 0 0 0 0 0 0 0 59 0 0 0 0 14 10 1 12 61 0 35 32 0 27 59 51 50 2 35 11 15 23 22 19 56 42 10 33 11 6 28 
0 0 0 0 0 0 0 0 0 0 0 0 0 61 0 0 0 0 0 0 0 0 0 0 23 0 0 0 13 37 0 12 0 0 54 37 39 42 56 29 51 15 26 10 17 51 8 48 12 58 46 38 46 31 29 
0 0 0 0 0 0 0 0 0 0 0 0 0 22 0 0 0 0 0 0 0 0 0 0 0 19 0 0 3 55 58 12 27 45 34 54 0 40 0 32 3 16 18 26 3 0 58 0 12 50 4 11 13 37 21 
0 0 0 0 0 0 0 0 0 0 0 0 0 36 0 0 0 0 0 0 0 0 0 0 0 0 7 0 3 29 1 0 0 4 45 35 18 1 30 52 44 6 47 5 30 41 56 18 0 43 12 1 58 10 39 
0 0 0 0 0 0 0 0 0 0 0 0 0 1 0 0 0 0 0 0 0 0 0 0 0 0 0 52 0 7 0 56 27 4 63 1 59 1 48 2 45 33 58 19 46 63 54 44 0 25 58 32 48 20 61 
0 0 0 0 0 0 0 0 0 0 0 0 0 0 1 37 0 0 0 0 0 0 0 0 0 0 0 0 19 37 43 56 52 41 27 52 37 28 46 59 5 21 17 14 50 58 6 45 4 31 24 33 27 13 0 
0 0 0 0 0 0 0 0 0 0 0 0 0 0 35 0 32 0 0 0 0 0 0 0 0 0 0 0 27 54 19 52 36 45 54 2 10 49 23 1 38 36 56 42 9 0 59 37 12 16 24 60 0 14 26 
0 0 0 0 0 0 0 0 0 0 0 0 0 0 37 0 0 14 0 0 0 0 0 0 0 0 0 0 27 18 11 0 48 4 31 3 50 36 1 58 16 58 33 12 15 1 47 30 54 3 0 60 27 14 28 
0 0 0 0 0 0 0 0 0 0 0 0 0 0 51 0 0 0 43 0 0 0 0 0 0 0 0 0 23 52 30 56 22 4 38 27 0 56 7 58 20 35 42 5 62 1 22 51 51 48 24 29 27 13 52 
0 0 0 0 0 0 0 0 0 0 0 0 0 0 15 0 0 0 0 6 0 0 0 0 0 0 0 0 57 24 21 0 32 4 14 14 1 2 29 0 36 28 25 37 20 0 9 16 9 18 51 0 38 14 42 
0 0 0 0 0 0 0 0 0 0 0 0 0 0 60 0 0 0 0 0 11 0 0 0 0 0 0 0 56 51 15 56 34 45 54 21 47 5 62 58 39 44 27 19 2 0 58 52 60 29 43 33 61 14 45 
0 0 0 0 0 0 0 0 0 0 0 0 0 0 0 0 0 0 0 0 0 20 0 0 0 0 0 0 60 0 32 12 30 45 44 10 28 6 40 0 58 28 31 52 27 59 32 6 34 51 51 29 61 3 59 
0 0 0 0 0 0 0 0 0 0 0 0 0 0 38 0 0 0 0 0 0 0 51 0 0 0 0 0 60 35 54 12 14 4 41 42 22 21 31 59 21 59 18 8 49 59 62 51 46 54 24 0 27 14 28 
0 0 0 0 0 0 0 0 0 0 0 0 0 0 36 0 0 0 0 0 0 0 0 16 0 0 0 0 53 36 18 52 32 0 8 35 53 59 45 0 50 15 28 25 8 59 52 63 47 22 24 33 38 0 52 
0 0 0 0 0 0 0 0 0 0 0 0 0 0 21 0 0 0 0 0 0 0 0 0 51 0 0 0 42 4 56 52 6 0 46 31 7 63 12 59 15 1 19 29 49 1 24 51 61 59 43 0 61 0 14 
0 0 0 0 0 0 0 0 0 0 0 0 0 0 51 0 0 0 0 0 0 0 0 0 0 48 0 0 33 19 21 52 26 4 34 23 53 10 0 58 30 10 10 8 35 59 42 38 37 34 43 29 38 13 37 
0 0 0 0 0 0 0 0 0 0 0 0 0 0 35 0 0 0 0 0 0 0 0 0 0 0 34 0 43 56 31 0 58 41 6 39 48 59 14 58 16 46 39 18 62 58 10 35 16 39 0 0 0 3 37 
0 0 0 0 0 0 0 0 0 0 0 0 0 0 1 0 0 0 0 0 0 0 0 0 0 0 0 34 59 54 58 12 31 41 39 59 1 33 57 59 17 37 59 22 41 59 20 8 58 26 0 33 61 13 11 
0 0 0 0 0 0 0 0 0 0 0 0 0 0 0 51 9 0 0 0 0 0 0 0 0 0 0 0 10 44 7 61 22 35 50 12 0 6 29 42 56 1 60 9 9 42 38 41 52 34 57 63 51 29 6 
0 0 0 0 0 0 0 0 0 0 0 0 0 0 0 47 0 14 0 0 0 0 0 0 0 0 0 0 10 23 44 57 37 51 45 56 0 6 47 16 37 31 37 57 45 22 43 45 15 14 45 44 5 59 26 
0 0 0 0 0 0 0 0 0 0 0 0 0 0 0 20 0 0 35 0 0 0 0 0 0 0 0 0 1 25 28 23 62 33 61 56 0 0 41 40 26 19 35 20 46 55 56 41 53 58 20 38 37 42 12 
0 0 0 0 0 0 0 0 0 0 0 0 0 0 0 49 0 0 0 44 0 0 0 0 0 0 0 0 37 38 48 52 11 10 37 56 37 0 29 31 15 9 8 62 20 46 48 45 35 8 61 35 5 59 35 
0 0 0 0 0 0 0 0 0 0 0 0 0 0 0 21 0 0 0 0 22 0 0 0 0 0 0 0 31 14 5 5 10 52 20 0 21 26 26 30 7 9 44 63 18 61 27 41 33 42 2 35 19 32 4 
0 0 0 0 0 0 0 0 0 0 0 0 0 0 0 29 0 0 0 0 0 38 0 0 0 0 0 0 30 37 31 6 47 58 46 56 48 26 12 24 44 28 13 59 41 33 27 4 61 52 2 56 27 57 58 
0 0 0 0 0 0 0 0 0 0 0 0 0 0 0 45 0 0 0 0 0 0 60 0 0 0 0 0 13 57 57 10 57 31 57 56 0 28 49 50 32 59 6 23 33 29 50 4 32 57 0 12 6 49 26 
0 0 0 0 0 0 0 0 0 0 0 0 0 0 0 17 0 0 0 0 0 0 0 31 0 0 0 0 46 46 15 58 51 12 2 52 21 26 3 51 34 42 11 28 42 9 16 0 26 33 5 19 2 28 12 
0 0 0 0 0 0 0 0 0 0 0 0 0 0 0 2 0 0 0 0 0 0 0 0 53 0 0 0 54 25 52 56 28 43 25 56 0 6 12 5 43 36 36 63 33 31 53 41 54 58 23 27 54 20 13 
0 0 0 0 0 0 0 0 0 0 0 0 0 0 0 31 0 0 0 0 0 0 0 0 0 3 0 0 14 28 27 33 62 49 16 12 21 6 0 19 38 47 44 20 51 12 37 41 29 50 61 1 30 7 21 
0 0 0 0 0 0 0 0 0 0 0 0 0 0 0 52 0 0 0 0 0 0 0 0 0 0 24 0 32 17 12 1 1 6 1 12 21 0 4 7 32 59 57 6 46 21 62 41 50 52 12 59 1 51 21 
0 0 0 0 0 0 0 0 0 0 0 0 0 0 0 1 0 0 0 0 0 0 0 0 0 0 0 14 1 9 1 6 44 7 58 0 0 28 23 26 26 0 58 38 11 31 23 45 59 13 58 40 25 25 31 
0 0 0 0 0 0 0 0 0 0 0 0 0 0 0 0 7 2 0 0 0 0 0 0 0 0 0 0 0 23 52 15 21 1 27 57 0 37 44 17 45 49 41 35 35 35 48 20 0 0 45 44 51 61 0 
0 0 0 0 0 0 0 0 0 0 0 0 0 0 0 0 60 0 36 0 0 0 0 0 0 0 0 0 30 53 33 56 40 22 27 10 0 12 48 29 50 4 9 9 42 35 5 40 52 16 45 55 51 20 16 
0 0 0 0 0 0 0 0 0 0 0 0 0 0 0 0 22 0 0 60 0 0 0 0 0 0 0 0 20 10 21 12 9 14 2 58 10 55 33 11 2 34 17 42 0 0 43 23 0 16 50 9 24 61 37 
0 0 0 0 0 0 0 0 0 0 0 0 0 0 0 0 50 0 0 0 6 0 0 0 0 0 0 0 47 29 48 47 26 5 15 48 36 9 58 18 39 25 30 0 42 0 0 8 0 50 52 54 43 27 2 
0 0 0 0 0 0 0 0 0 0 0 0 0 0 0 0 2 0 0 0 0 33 0 0 0 0 0 0 59 54 12 7 49 8 6 19 46 4 4 43 7 6 63 9 9 9 61 15 52 16 13 24 43 23 32 
0 0 0 0 0 0 0 0 0 0 0 0 0 0 0 0 19 0 0 0 0 0 20 0 0 0 0 0 32 6 54 63 39 62 20 20 0 20 3 8 51 1 61 42 42 9 41 13 12 0 57 56 51 19 6 
0 0 0 0 0 0 0 0 0 0 0 0 0 0 0 0 19 0 0 0 0 0 0 11 0 0 0 0 10 46 62 39 3 56 39 11 36 31 19 24 50 51 62 35 35 9 54 44 12 16 60 19 24 6 10 
0 0 0 0 0 0 0 0 0 0 0 0 0 0 0 0 25 0 0 0 0 0 0 0 9 0 0 0 5 38 56 18 26 24 51 35 0 3 56 61 20 48 51 9 42 35 8 40 52 0 33 61 43 31 11 
0 0 0 0 0 0 0 0 0 0 0 0 0 0 0 0 47 0 0 0 0 0 0 0 0 50 0 0 39 35 6 26 22 52 50 48 36 1 0 28 35 36 34 35 42 9 24 13 52 0 11 23 24 61 21 
0 0 0 0 0 0 0 0 0 0 0 0 0 0 0 0 49 0 0 0 0 0 0 0 0 0 36 0 3 2 51 59 59 63 42 21 36 1 8 3 11 0 51 9 42 42 37 26 0 34 12 58 0 57 15 
0 0 0 0 0 0 0 0 0 0 0 0 0 0 0 0 1 0 0 0 0 0 0 0 0 0 0 6 58 54 58 7 1 4 25 58 0 44 24 54 10 58 1 42 35 9 49 60 0 50 58 41 43 12 3 
0 0 0 0 0 0 0 0 0 0 0 0 0 0 0 0 0 28 0 0 0 0 0 0 0 0 0 0 30 23 37 57 0 5 61 43 0 12 6 52 15 43 35 38 32 60 7 2 15 3 45 8 32 50 50 
0 0 0 0 0 0 0 0 0 0 0 0 0 0 0 0 0 4 0 24 0 0 0 0 0 0 0 0 20 23 37 0 37 54 8 14 50 55 29 20 26 60 8 25 31 10 61 14 0 3 4 9 18 0 48 
0 0 0 0 0 0 0 0 0 0 0 0 0 0 0 0 0 10 0 0 7 0 0 0 0 0 0 0 47 18 45 57 21 19 16 37 16 57 4 13 7 40 28 44 1 38 37 5 0 13 41 37 1 38 55 
0 0 0 0 0 0 0 0 0 0 0 0 0 0 0 0 0 35 0 0 0 10 0 0 0 0 0 0 59 18 56 54 0 16 7 35 34 52 18 51 9 6 40 56 41 20 22 41 15 3 4 39 9 12 39 
0 0 0 0 0 0 0 0 0 0 0 0 0 0 0 0 0 48 0 0 0 0 38 0 0 0 0 0 32 5 15 54 48 19 16 4 0 1 30 0 53 1 54 29 25 9 8 28 54 0 45 56 3 46 26 
0 0 0 0 0 0 0 0 0 0 0 0 0 0 0 0 0 8 0 0 0 0 0 27 0 0 0 0 10 0 26 15 48 52 6 41 16 47 44 43 34 2 59 48 32 2 9 63 54 3 45 0 21 6 46 
0 0 0 0 0 0 0 0 0 0 0 0 0 0 0 0 0 41 0 0 0 0 0 0 40 0 0 0 5 5 12 15 0 51 48 6 0 38 12 2 27 1 49 21 25 42 4 2 15 0 41 61 36 31 20 
0 0 0 0 0 0 0 0 0 0 0 0 0 0 0 0 0 9 0 0 0 0 0 0 0 56 0 0 39 5 46 15 21 55 16 28 16 36 0 14 3 21 57 41 28 16 38 23 15 0 41 40 9 27 37 
0 0 0 0 0 0 0 0 0 0 0 0 0 0 0 0 0 60 0 0 0 0 0 0 0 0 57 0 3 18 20 0 0 41 5 9 16 1 53 5 16 30 28 35 32 38 48 18 0 14 0 58 1 34 57 
0 0 0 0 0 0 0 0 0 0 0 0 0 0 0 0 0 1 0 0 0 0 0 0 0 0 0 57 58 5 59 54 21 19 19 1 0 57 56 22 42 11 58 50 61 60 46 22 0 13 0 58 11 42 13 
0 0 0 0 0 0 0 0 0 0 0 0 0 0 0 0 0 0 29 37 0 0 0 0 0 0 0 0 46 63 37 52 62 51 61 37 0 0 29 20 48 57 0 53 11 10 33 1 35 34 54 42 53 50 5 
0 0 0 0 0 0 0 0 0 0 0 0 0 0 0 0 0 0 47 0 18 0 0 0 0 0 0 0 47 31 8 18 40 4 38 37 0 52 30 57 39 21 42 63 29 38 18 32 33 8 29 12 6 41 37 
0 0 0 0 0 0 0 0 0 0 0 0 0 0 0 0 0 0 1 0 0 63 0 0 0 0 0 0 46 52 8 20 0 7 27 8 0 52 8 51 37 26 35 47 3 9 30 49 8 3 9 49 14 26 53 
0 0 0 0 0 0 0 0 0 0 0 0 0 0 0 0 0 0 53 0 0 0 30 0 0 0 0 0 57 49 15 24 22 22 27 47 0 56 24 56 1 58 42 28 54 20 22 51 23 54 20 52 35 56 62 
0 0 0 0 0 0 0 0 0 0 0 0 0 0 0 0 0 0 15 0 0 0 0 11 0 0 0 0 48 46 42 63 22 52 38 49 0 52 42 43 50 28 42 3 7 31 10 44 45 38 17 25 50 28 52 
0 0 0 0 0 0 0 0 0 0 0 0 0 0 0 0 0 0 33 0 0 0 0 0 18 0 0 0 56 17 12 61 0 51 27 45 0 12 12 58 4 17 9 43 54 22 14 0 3 59 8 38 35 20 15 
0 0 0 0 0 0 0 0 0 0 0 0 0 0 0 0 0 0 19 0 0 0 0 0 0 19 0 0 54 20 59 36 40 50 0 47 0 12 0 58 1 14 9 11 33 13 60 37 40 34 34 7 46 45 48 
0 0 0 0 0 0 0 0 0 0 0 0 0 0 0 0 0 0 31 0 0 0 0 0 0 0 32 0 60 0 36 1 0 59 38 58 0 0 41 49 27 41 35 18 0 7 34 50 50 2 12 1 1 16 4 
0 0 0 0 0 0 0 0 0 0 0 0 0 0 0 0 0 0 1 0 0 0 0 0 0 0 0 32 59 1 59 20 40 1 27 1 0 56 62 46 26 63 0 45 59 33 42 42 59 15 58 24 12 51 44 
0 0 0 0 0 0 0 0 0 0 0 0 0 0 0 0 0 0 0 51 53 0 0 0 0 0 0 0 1 51 37 52 21 28 1 37 20 53 60 20 39 42 25 19 11 0 24 6 0 24 46 35 45 38 39 
0 0 0 0 0 0 0 0 0 0 0 0 0 0 0 0 0 0 0 54 0 24 0 0 0 0 0 0 10 24 48 56 47 31 30 45 38 53 60 0 48 28 8 4 20 36 13 36 35 33 19 42 52 12 16 
0 0 0 0 0 0 0 0 0 0 0 0 0 0 0 0 0 0 0 46 0 0 63 0 0 0 0 0 51 34 0 56 45 37 9 10 22 2 29 31 49 59 25 45 11 36 53 17 9 54 61 0 31 46 19 
0 0 0 0 0 0 0 0 0 0 0 0 0 0 0 0 0 0 0 46 0 0 0 21 0 0 0 0 58 46 48 12 39 52 23 36 14 53 29 0 50 9 25 12 31 36 18 63 9 4 47 35 32 6 47 
0 0 0 0 0 0 0 0 0 0 0 0 0 0 0 0 0 0 0 26 0 0 0 0 47 0 0 0 28 2 0 12 28 51 41 8 7 55 0 31 33 7 17 45 11 10 34 1 35 59 30 0 29 31 46 
0 0 0 0 0 0 0 0 0 0 0 0 0 0 0 0 0 0 0 2 0 0 0 0 0 0 0 0 24 7 21 12 33 1 16 31 14 55 0 20 20 12 17 29 11 36 0 20 35 34 61 42 38 27 21 
0 0 0 0 0 0 0 0 0 0 0 0 0 0 0 0 0 0 0 51 0 0 0 0 0 0 33 0 18 44 48 0 1 16 20 10 11 0 33 20 62 50 8 34 11 46 13 17 0 48 56 0 58 34 63 
0 0 0 0 0 0 0 0 0 0 0 0 0 0 0 0 0 0 0 1 0 0 0 0 0 0 0 63 59 18 0 56 51 42 10 1 1 2 29 31 63 35 0 51 31 36 53 24 0 31 1 35 3 42 22 
0 0 0 0 0 0 0 0 0 0 0 0 0 0 0 0 0 0 0 0 16 57 0 0 0 0 0 0 48 51 17 17 49 13 21 37 4 14 40 51 7 6 34 63 63 27 38 22 33 5 2 18 17 49 23 
0 0 0 0 0 0 0 0 0 0 0 0 0 0 0 0 0 0 0 0 42 0 55 0 0 0 0 0 8 59 15 29 33 44 16 37 62 53 53 14 39 1 9 19 43 27 45 20 60 15 2 12 15 8 51 
0 0 0 0 0 0 0 0 0 0 0 0 0 0 0 0 0 0 0 0 11 0 0 10 0 0 0 0 1 36 51 40 5 56 62 21 6 40 23 43 0 42 7 44 38 27 57 44 60 53 21 48 10 6 8 
0 0 0 0 0 0 0 0 0 0 0 0 0 0 0 0 0 0 0 0 44 0 0 0 15 0 0 0 38 28 12 42 26 24 23 37 39 4 52 12 32 41 53 63 43 38 17 32 33 1 37 27 21 31 9 
0 0 0 0 0 0 0 0 0 0 0 0 0 0 0 0 0 0 0 0 58 0 0 0 0 33 0 0 25 11 42 51 12 38 34 48 6 51 0 3 7 61 44 44 60 27 51 5 33 16 44 43 16 0 21 
0 0 0 0 0 0 0 0 0 0 0 0 0 0 0 0 0 0 0 0 29 0 0 0 0 0 15 0 19 11 61 1 59 40 48 48 20 58 43 8 32 8 26 63 29 61 21 18 0 38 52 59 59 31 56 
0 0 0 0 0 0 0 0 0 0 0 0 0 0 0 0 0 0 0 0 1 0 0 0 0 0 0 25 59 46 59 17 27 19 30 0 59 57 8 24 32 35 59 19 26 27 30 45 0 32 59 11 36 49 54 
0 0 0 0 0 0 0 0 0 0 0 0 0 0 0 0 0 0 0 0 0 62 22 0 0 0 0 0 60 35 57 52 30 47 18 39 40 54 35 24 31 0 8 45 12 33 15 55 6 54 2 52 7 40 29 
0 0 0 0 0 0 0 0 0 0 0 0 0 0 0 0 0 0 0 0 0 35 0 20 0 0 0 0 31 36 16 39 30 56 61 32 24 38 1 0 34 6 5 29 46 62 11 19 60 37 16 7 19 26 14 
0 0 0 0 0 0 0 0 0 0 0 0 0 0 0 0 0 0 0 0 0 40 0 0 61 0 0 0 40 4 52 16 0 24 53 37 32 9 52 24 56 6 39 4 12 55 19 49 11 59 50 38 4 11 52 
0 0 0 0 0 0 0 0 0 0 0 0 0 0 0 0 0 0 0 0 0 56 0 0 0 29 0 0 33 19 16 1 49 37 50 54 24 62 0 51 10 6 47 21 30 41 3 1 32 34 17 54 9 30 37 
0 0 0 0 0 0 0 0 0 0 0 0 0 0 0 0 0 0 0 0 0 56 0 0 0 0 5 0 15 56 19 58 0 38 48 35 15 58 21 51 51 28 52 61 3 4 3 19 50 12 56 1 59 36 30 
0 0 0 0 0 0 0 0 0 0 0 0 0 0 0 0 0 0 0 0 0 1 0 0 0 0 0 62 1 54 1 0 49 29 31 1 58 58 30 24 9 6 58 28 15 22 12 23 59 2 1 6 53 49 10 
0 0 0 0 0 0 0 0 0 0 0 0 0 0 0 0 0 0 0 0 0 0 6 2 0 0 0 0 42 10 57 31 46 52 56 0 62 11 50 51 50 1 14 8 62 31 16 19 1 54 5 12 24 6 34 
0 0 0 0 0 0 0 0 0 0 0 0 0 0 0 0 0 0 0 0 0 0 40 0 56 0 0 0 2 7 0 40 6 51 39 2 0 26 12 55 63 1 22 4 0 42 21 51 25 0 23 0 42 31 25 
0 0 0 0 0 0 0 0 0 0 0 0 0 0 0 0 0 0 0 0 0 0 31 0 0 60 0 0 0 21 54 57 25 36 50 49 62 47 0 3 59 1 15 25 23 8 55 3 1 0 61 52 4 17 48 
0 0 0 0 0 0 0 0 0 0 0 0 0 0 0 0 0 0 0 0 0 0 9 0 0 0 7 0 36 47 57 58 58 5 53 36 62 59 26 23 32 59 48 11 54 56 56 17 16 57 12 0 1 6 44 
0 0 0 0 0 0 0 0 0 0 0 0 0 0 0 0 0 0 0 0 0 0 1 0 0 0 0 27 58 37 0 52 28 63 13 1 0 52 38 40 33 1 59 30 2 55 55 34 58 15 58 12 5 32 18 
0 0 0 0 0 0 0 0 0 0 0 0 0 0 0 0 0 0 0 0 0 0 0 10 37 0 0 0 33 10 52 53 6 0 63 53 39 18 12 51 16 3 21 48 62 33 7 44 35 59 0 27 58 0 1 
0 0 0 0 0 0 0 0 0 0 0 0 0 0 0 0 0 0 0 0 0 0 0 26 0 1 0 0 9 10 34 61 61 52 34 30 0 37 0 43 34 23 12 25 59 23 23 44 59 34 42 62 6 28 21 
0 0 0 0 0 0 0 0 0 0 0 0 0 0 0 0 0 0 0 0 0 0 0 40 0 0 57 0 45 36 3 59 58 12 14 46 18 58 10 43 16 43 61 6 7 44 28 44 16 25 12 59 58 26 33 
0 0 0 0 0 0 0 0 0 0 0 0 0 0 0 0 0 0 0 0 0 0 0 1 0 0 0 54 58 10 1 39 56 12 54 59 59 7 20 51 16 9 59 39 29 40 7 63 58 50 58 59 36 28 39 
0 0 0 0 0 0 0 0 0 0 0 0 0 0 0 0 0 0 0 0 0 0 0 0 60 52 0 0 55 18 56 8 26 51 50 6 39 2 0 1 22 20 17 56 23 51 50 37 43 0 9 38 32 20 21 
0 0 0 0 0 0 0 0 0 0 0 0 0 0 0 0 0 0 0 0 0 0 0 0 53 0 22 0 25 8 52 59 0 43 50 19 39 1 56 21 20 37 43 57 54 47 33 50 50 58 52 0 59 11 27 
0 0 0 0 0 0 0 0 0 0 0 0 0 0 0 0 0 0 0 0 0 0 0 0 1 0 0 20 1 34 0 16 26 43 42 1 0 34 12 31 47 10 1 53 2 31 39 42 59 1 59 27 49 20 28 
0 0 0 0 0 0 0 0 0 0 0 0 0 0 0 0 0 0 0 0 0 0 0 0 0 55 7 0 10 31 47 59 59 43 34 37 18 1 0 11 29 46 35 14 33 41 3 23 50 50 52 1 58 20 37 
0 0 0 0 0 0 0 0 0 0 0 0 0 0 0 0 0 0 0 0 0 0 0 0 0 1 0 19 59 48 58 1 23 17 50 58 59 23 0 21 39 30 1 54 7 63 55 63 59 16 59 63 62 30 48 
0 0 0 0 0 0 0 0 0 0 0 0 0 0 0 0 0 0 0 0 0 0 0 0 0 0 1 1 59 58 1 58 59 1 59 58 59 59 1 1 59 1 58 58 59 58 59 58 0 1 0 59 59 59 59 
