GF64M1
28 43
2 57 7 54 11 50 18 48 52 23 50 61 6 60 63 18 33 8 47 55 51 61 0 27 59 4 62 26 39 35 0 20 42 16 2 1 27 38 11 4 17 6 1 
8 5 58 34 8 46 24 0 10 21 53 45 0 27 54 54 45 24 11 30 52 51 8 52 37 24 23 55 13 20 32 14 53 9 24 59 31 34 7 47 27 53 0 
39 19 39 3 24 16 26 28 57 61 35 49 57 29 3 4 27 13 55 51 7 16 21 51 54 51 2 5 31 54 31 44 36 51 56 58 7 0 53 35 14 56 0 
21 49 10 3 58 52 45 11 46 43 47 18 10 1 60 1 5 60 38 59 48 26 57 40 46 6 49 55 19 60 61 32 6 37 43 30 59 51 45 25 0 38 0 
8 19 28 31 53 27 28 24 40 30 31 60 4 4 60 6 30 40 51 5 62 22 6 22 25 25 31 43 59 36 26 9 56 1 22 50 51 33 35 60 49 40 1 
7 4 40 30 42 52 63 52 57 19 7 29 24 40 26 57 56 4 46 48 37 55 23 10 32 62 19 32 45 35 39 56 57 43 31 28 36 58 17 10 48 25 59 
13 11 16 9 39 48 15 43 18 17 30 59 54 52 23 7 49 41 43 27 61 63 43 11 4 43 36 59 61 54 21 4 19 48 47 28 2 13 44 57 57 21 59 
21 18 22 50 3 17 44 18 20 28 8 57 40 37 46 39 34 31 21 24 16 29 7 34 11 26 61 45 30 49 2 49 4 59 2 8 15 29 15 23 9 43 1 
31 45 24 23 56 59 40 45 26 6 10 12 52 19 57 5 15 56 12 40 54 10 53 41 15 13 25 55 20 28 39 14 42 32 30 21 42 17 49 18 7 12 58 
17 29 9 23 57 3 59 13 55 50 41 49 25 59 14 20 34 34 15 51 31 53 13 9 15 1 19 48 1 12 27 13 29 32 33 45 62 54 42 14 10 4 59 
55 11 46 49 37 36 46 61 40 59 46 47 41 53 32 39 35 21 49 25 21 36 26 39 38 36 23 1 60 23 26 6 52 58 37 47 12 57 37 38 14 16 1 
49 44 33 31 60 21 53 28 1 62 51 5 47 33 62 39 16 40 44 26 41 17 43 45 27 57 4 3 1 61 47 62 41 44 31 11 10 11 8 38 49 45 59 
27 62 40 3 16 31 53 32 11 18 32 24 24 56 29 54 23 43 28 24 0 61 8 44 33 16 48 22 49 19 57 61 18 30 46 50 58 23 62 10 37 18 1 
6 40 59 12 60 2 36 30 19 34 17 46 14 21 21 63 5 45 55 28 61 23 36 60 24 34 28 35 41 14 52 13 26 39 44 5 55 34 39 13 53 25 1 
6 30 5 43 12 54 47 31 3 49 26 46 19 59 30 46 5 23 8 41 43 33 37 8 56 12 59 21 16 23 48 31 18 11 19 4 9 12 1 2 2 52 1 
16 61 45 5 33 48 46 59 10 35 54 22 4 47 59 5 38 52 28 11 26 61 3 17 37 1 41 60 51 32 3 57 39 55 60 59 16 38 45 7 57 5 58 
61 15 34 51 23 59 10 29 46 53 4 10 19 49 26 53 47 48 21 26 49 43 41 17 7 58 51 31 36 50 26 16 42 4 11 23 22 42 9 1 28 7 59 
19 63 14 50 54 11 9 29 31 41 50 15 0 34 3 53 13 50 46 3 40 27 17 59 57 2 9 12 50 12 26 11 23 58 8 31 3 49 54 35 23 2 58 
44 12 27 14 61 55 45 27 21 8 4 56 49 0 12 20 50 55 26 18 15 60 14 54 53 5 4 45 27 47 9 7 43 32 38 39 38 40 48 47 43 40 0 
44 50 9 51 26 61 48 32 13 7 20 21 10 26 59 20 55 25 35 8 56 43 11 55 29 6 10 47 43 14 43 6 49 3 27 38 63 52 52 10 39 55 0 
52 39 10 29 46 6 47 47 63 4 15 33 5 40 48 12 44 0 48 45 29 25 15 37 4 26 42 13 61 59 31 17 24 57 27 16 62 8 0 53 44 5 0 
60 39 26 40 18 54 33 18 52 19 6 39 22 41 53 29 8 63 59 7 51 56 50 6 4 41 51 12 1 58 15 34 40 39 35 21 30 63 52 30 44 15 1 
17 48 4 53 9 12 47 39 12 32 62 38 42 4 35 28 35 1 18 51 38 51 57 7 25 42 13 18 11 0 57 35 58 0 28 30 5 9 38 16 58 14 59 
22 9 28 20 22 54 12 50 18 10 30 43 30 11 51 24 27 35 3 0 22 5 8 7 6 49 56 15 39 11 40 63 50 0 31 18 9 10 27 43 17 28 1 
15 12 61 9 62 51 21 16 30 63 31 13 63 18 33 25 28 25 54 6 49 44 58 48 63 14 29 51 56 52 0 36 21 41 9 5 49 28 22 21 34 33 59 
10 56 5 40 0 59 3 26 25 31 58 15 15 32 49 25 54 13 55 31 9 44 35 41 57 0 0 16 36 35 10 20 43 3 21 24 38 61 38 44 8 32 59 
19 36 0 51 49 6 9 21 55 58 33 12 49 39 60 52 34 51 40 50 24 53 17 26 30 40 23 38 52 15 47 63 27 18 62 63 34 40 61 30 59 56 59 
20 14 4 8 37 45 63 38 59 12 41 30 61 60 10 58 9 25 18 7 63 21 3 44 23 23 30 5 25 49 61 39 18 21 56 15 19 31 36 29 58 59 58 
