GF64M1
28 55
0 39 40 22 43 34 3 0 44 37 60 45 45 23 19 43 54 35 19 56 58 54 61 7 49 53 17 43 62 32 26 39 55 56 1 9 29 13 37 34 16 25 53 9 35 46 62 43 7 31 61 42 34 2 45 
46 0 44 6 51 60 48 32 47 59 34 16 16 54 33 44 32 54 10 41 24 13 6 21 5 19 58 61 48 53 44 46 48 47 50 63 51 0 57 44 58 20 26 38 34 42 29 11 58 55 58 12 58 13 48 
10 29 0 58 1 56 11 63 2 4 54 15 33 58 31 36 56 22 23 37 30 61 0 62 8 15 28 50 4 17 61 34 38 0 2 18 57 36 18 31 44 33 58 60 20 19 30 12 20 12 7 19 21 4 31 
10 44 17 0 46 7 47 52 15 60 57 31 28 15 15 12 4 20 18 14 5 43 22 11 18 15 43 17 14 45 21 0 9 53 20 52 57 41 55 40 42 22 60 43 4 63 27 13 17 36 40 55 24 52 52 
26 30 19 12 0 33 39 8 32 40 25 13 14 41 15 47 13 11 52 43 17 35 19 5 43 9 20 55 19 17 29 17 30 3 56 21 18 28 40 51 6 31 9 40 25 62 36 51 26 22 39 50 21 57 26 
49 32 5 3 35 0 62 23 27 46 38 20 15 54 6 16 13 58 50 13 25 24 44 19 12 54 2 61 43 25 36 54 44 22 15 24 9 3 12 2 48 37 44 16 14 31 51 23 45 6 37 13 47 59 34 
58 3 53 34 53 35 0 15 1 38 17 35 24 46 36 15 55 12 56 28 4 4 59 63 12 42 52 43 23 38 62 15 49 30 60 15 40 9 34 7 45 57 36 11 61 2 16 29 25 16 47 18 32 32 8 
17 35 55 31 40 33 6 0 38 30 61 40 63 7 44 15 13 21 24 2 45 55 36 29 27 61 16 28 7 61 45 52 46 37 22 33 43 20 40 21 36 61 14 63 55 39 35 48 19 18 56 41 17 44 63 
5 31 1 29 0 37 42 21 0 31 24 54 26 3 32 25 16 24 4 13 38 52 39 33 32 8 42 61 45 2 36 9 1 55 62 3 17 38 49 9 10 56 56 62 5 30 13 4 28 20 39 41 63 22 48 
32 10 31 20 22 56 31 31 55 0 31 1 27 62 52 40 53 16 13 0 55 34 24 15 2 13 59 24 39 31 6 23 13 33 57 5 61 30 48 52 38 16 63 13 23 51 15 9 57 30 34 41 20 47 7 
17 48 53 11 59 41 28 12 6 30 0 19 10 28 26 15 35 6 13 46 57 17 10 57 52 51 2 60 13 19 23 26 15 44 62 1 2 6 55 61 59 46 42 6 30 19 42 15 33 58 43 56 30 9 1 
2 29 57 21 54 53 55 8 36 40 8 0 48 10 54 1 49 46 47 47 58 38 7 4 19 28 14 59 47 0 50 10 19 9 55 40 58 35 54 11 53 47 14 22 6 8 17 11 6 21 13 7 63 37 54 
31 51 10 58 43 59 61 39 58 35 19 15 0 49 3 47 52 61 63 42 25 11 37 32 27 56 21 61 25 59 23 26 61 40 6 7 30 49 38 59 53 63 2 13 3 59 2 53 52 27 39 25 29 40 57 
8 19 22 19 18 59 32 17 0 30 34 4 43 0 1 56 61 7 60 1 4 22 27 58 25 9 21 44 18 37 1 44 36 16 35 2 17 59 60 4 50 49 61 35 32 9 22 42 44 14 34 37 29 26 10 
55 15 7 29 5 27 47 57 61 29 24 2 34 29 0 33 48 23 54 20 6 28 57 12 57 60 52 52 57 62 26 63 6 50 21 48 29 30 62 58 3 33 48 43 16 59 26 13 60 11 57 30 10 23 28 
1 26 35 30 40 33 12 23 38 23 61 47 61 10 1 0 2 23 53 35 24 36 47 26 45 5 15 23 37 55 19 31 9 21 58 63 33 20 25 11 31 0 22 10 28 28 8 16 47 18 10 43 13 13 6 
53 15 20 62 16 0 51 2 27 7 1 26 3 40 53 57 0 4 32 47 20 49 28 6 2 56 32 20 18 62 57 37 59 16 13 60 7 9 15 40 39 59 54 53 55 55 38 30 63 56 28 16 57 44 18 
1 63 46 60 41 55 41 21 32 32 12 16 7 49 33 38 21 0 0 15 21 7 36 10 51 63 62 62 18 8 28 62 33 9 42 55 56 40 63 24 2 6 11 12 10 30 32 43 62 18 16 58 28 2 23 
31 12 7 10 42 63 6 3 20 35 49 5 41 12 57 28 47 31 0 33 8 42 27 6 8 9 48 48 49 58 32 6 43 1 36 1 0 19 43 39 31 42 2 16 1 47 2 53 43 22 12 54 44 15 9 
24 20 55 32 29 48 17 36 49 21 33 0 12 1 22 61 24 16 30 0 45 15 42 29 38 0 49 42 17 25 60 44 15 55 39 32 28 41 30 26 35 53 13 54 6 39 4 57 55 26 10 55 18 2 51 
36 47 41 28 1 32 22 47 41 20 25 60 12 5 47 29 56 7 38 57 0 62 41 7 22 49 22 14 42 7 46 14 36 9 61 33 26 40 3 15 37 53 20 35 31 46 61 16 30 48 9 28 7 38 22 
8 40 5 4 54 52 18 51 47 22 17 41 11 21 0 30 4 53 1 40 12 0 24 28 46 30 17 43 62 62 9 0 38 30 6 2 62 58 27 15 53 20 19 11 62 43 44 17 37 4 3 11 4 38 39 
57 28 61 44 6 10 43 55 60 15 29 61 9 56 36 34 9 60 45 39 55 43 0 4 63 47 21 10 7 29 62 19 20 42 23 39 24 63 36 51 30 1 33 38 41 4 45 56 59 22 10 44 25 37 17 
52 16 20 53 35 48 19 44 22 34 54 48 55 4 32 13 9 3 22 39 6 53 20 0 33 1 62 40 50 32 5 48 19 19 22 7 17 48 28 57 56 2 36 48 47 24 48 9 1 56 2 1 7 20 21 
34 1 9 23 52 58 6 7 19 22 36 59 48 46 29 4 14 50 49 11 35 51 51 7 0 44 24 28 13 56 44 52 31 54 2 35 21 12 19 26 27 7 15 41 41 28 21 53 57 1 53 36 38 26 20 
62 46 62 51 57 36 62 46 47 37 56 45 3 24 57 26 38 2 9 4 59 63 26 11 47 0 21 9 39 33 38 58 8 13 52 29 17 8 0 29 21 27 2 62 48 9 45 9 0 12 0 35 24 61 29 
62 34 29 34 25 12 27 49 54 60 18 31 4 32 53 44 61 47 26 57 30 63 2 51 45 41 0 1 0 1 0 1 1 1 1 0 0 1 1 1 1 1 0 1 1 1 1 1 52 1 63 1 1 1 1 
1 1 1 1 1 1 1 1 1 1 1 1 1 1 1 1 1 1 1 1 1 1 1 1 1 1 1 0 1 0 1 0 0 0 0 1 1 0 0 0 0 0 1 0 0 0 0 0 1 0 1 0 0 0 0 
