TII_HOLDOUT_V1
instance_id b5e0df5b0742f3fb0519efd6d4d304bacdad67429e8118554886fa58607a0c5f
k 50
degree 5
minimum 280
heldout_original 0
heldout_mask 505067484167246
points 178
1 56578200161697 4
2 385038086242338 4
3 19058422491556 4
4 978249748604712 4
5 878773550096495 4
6 1071051115295125 4
7 1107603375304382 4
8 805737794911423 4
9 374849838788291 4
10 644850478550546 4
11 897578564474469 4
12 606403002514778 4
13 734588818984670 4
14 39703835824822 4
15 460857882510905 4
16 397240805987200 4
17 475404857860102 4
18 352924582341379 4
19 789657863147051 4
20 565466172276316 4
21 383044458020698 4
22 1051831305414261 4
23 346865603039332 4
24 597228632403486 4
25 1025652584755250 4
26 93927052923372 4
27 236943995054089 4
28 260169763575758 4
29 136894833286100 4
30 134737242345421 4
31 761154344302132 4
32 71130036480747 4
33 275210685662941 4
34 646430400966573 4
35 890916407625201 4
36 230149215090147 4
37 602852223740758 4
38 1105238244755876 4
39 762659763850000 4
40 189991332887949 4
41 474522193627057 4
42 1070269682746237 4
43 120416437676606 4
44 531214834337548 4
45 717508877248444 4
46 547085764745004 4
47 744650406626983 4
48 1001877586170470 4
49 711106921596130 4
50 795336022304674 4
51 632706059643774 4
52 1061071702038092 4
53 219002459894571 4
54 811560136619565 4
55 1122684800538183 4
56 213529058641260 4
57 1090200822845530 4
58 174672977746156 4
59 461338762999617 4
60 703196515501139 4
61 891613958877999 4
62 407518085213147 4
63 1031141721336510 4
64 147776303414741 4
65 1013886806349590 4
66 712499095953833 4
67 533640476287561 4
68 760559920738043 4
69 332080119547296 4
70 925730324458731 4
71 350366929960116 4
72 1115849101921905 4
73 933873208678238 4
74 195115195456479 4
75 310608842109853 4
76 1003729227479586 4
77 1090652544356449 4
78 298432404233109 4
79 1019574525701345 4
80 921535355619373 4
81 309117260234416 4
82 1121318384318336 4
83 998477380194080 4
84 48836118768610 4
85 941086967043265 4
86 577241313491581 4
87 867692276877215 4
88 725922729700073 4
89 273731060486583 4
90 710403485878293 4
91 669325324851126 4
92 805786606711592 4
93 371548899026515 4
94 975341748043805 4
95 916098361453804 4
96 1019982680878681 4
97 271352093956673 4
98 187241690009700 4
99 70335764525246 4
100 559299041810855 4
101 1099811204981601 4
102 1050282946535405 4
103 397474670972762 4
104 748051687832418 4
105 917666831076134 4
106 543003786223133 4
107 309565884424542 4
108 1094389311127621 4
109 740176787455612 4
110 756641170058490 4
111 600546170813782 4
112 125803553781318 4
113 20986082072886 4
114 514428909532947 4
115 433458041458333 4
116 479648799096003 4
117 525694211930747 4
118 728409642147871 4
119 250573736485241 4
120 842504035470873 4
121 507436680559884 4
122 858763770313629 4
123 903809471508361 4
124 117926216729558 4
125 1037100468148988 4
126 725447233303159 4
127 2829549301079 4
185 1 4
186 2 4
187 4 4
188 8 4
189 16 4
190 32 4
191 64 4
192 128 4
193 256 4
194 512 4
195 1024 4
196 2048 4
197 4096 4
198 8192 4
199 16384 4
200 32768 4
201 65536 4
202 131072 4
203 262144 4
204 524288 4
205 1048576 4
206 2097152 4
207 4194304 4
208 8388608 4
209 16777216 4
210 33554432 4
211 67108864 4
212 134217728 4
213 268435456 4
214 536870912 4
215 1073741824 4
216 2147483648 4
217 4294967296 4
218 8589934592 4
219 17179869184 4
220 34359738368 4
221 68719476736 4
222 137438953472 4
223 274877906944 4
224 549755813888 4
225 1099511627776 4
226 2199023255552 4
227 4398046511104 4
228 8796093022208 4
229 17592186044416 4
230 35184372088832 4
231 70368744177664 4
232 140737488355328 4
233 281474976710656 4
234 562949953421312 4
-1 894692465462125 4
