mceliecex-holdout-cuda-request-v1
public_sha256 63ef408ba6f954272e43a0563dff373064a70c24601a84611a00d977d558b598
k 50
degree 5
words 8
repetitions 1
seed 24920260930
emit_output 0
expected_columns 2118760
expected_rows 2515200
expected_nonzeros 783382714
point_count 128
point 56578200161697 2 1 3
point 385038086242338 2 1 3
point 19058422491556 2 1 3
point 978249748604712 2 1 3
point 878773550096495 2 1 3
point 1071051115295125 2 1 3
point 1107603375304382 2 1 3
point 805737794911423 2 1 3
point 374849838788291 2 1 3
point 644850478550546 2 1 3
point 897578564474469 2 1 3
point 606403002514778 2 1 3
point 734588818984670 2 1 3
point 39703835824822 2 1 3
point 460857882510905 2 1 3
point 397240805987200 2 1 3
point 475404857860102 2 1 3
point 352924582341379 2 1 3
point 789657863147051 2 1 3
point 565466172276316 2 1 3
point 383044458020698 2 1 3
point 1051831305414261 2 1 3
point 346865603039332 2 1 3
point 597228632403486 2 1 3
point 1025652584755250 2 1 3
point 93927052923372 2 1 3
point 236943995054089 2 1 3
point 260169763575758 2 1 3
point 136894833286100 2 1 3
point 134737242345421 2 1 3
point 761154344302132 2 1 3
point 71130036480747 2 1 3
point 275210685662941 2 1 3
point 646430400966573 2 1 3
point 890916407625201 2 1 3
point 230149215090147 2 1 3
point 602852223740758 2 1 3
point 1105238244755876 2 1 3
point 762659763850000 2 1 3
point 189991332887949 2 1 3
point 474522193627057 2 1 3
point 1070269682746237 2 1 3
point 120416437676606 2 1 3
point 531214834337548 2 1 3
point 717508877248444 2 1 3
point 547085764745004 2 1 3
point 744650406626983 2 1 3
point 1001877586170470 2 1 3
point 711106921596130 2 1 3
point 795336022304674 2 1 3
point 632706059643774 2 1 3
point 1061071702038092 2 1 3
point 219002459894571 2 1 3
point 811560136619565 2 1 3
point 1122684800538183 2 1 3
point 213529058641260 2 1 3
point 1090200822845530 2 1 3
point 174672977746156 2 1 3
point 461338762999617 2 1 3
point 703196515501139 2 1 3
point 891613958877999 2 1 3
point 407518085213147 2 1 3
point 1031141721336510 2 1 3
point 147776303414741 2 1 3
point 1013886806349590 2 1 3
point 712499095953833 2 1 3
point 533640476287561 2 1 3
point 760559920738043 2 1 3
point 332080119547296 2 1 3
point 925730324458731 2 1 3
point 350366929960116 2 1 3
point 1115849101921905 2 1 3
point 933873208678238 2 1 3
point 195115195456479 2 1 3
point 310608842109853 2 1 3
point 1003729227479586 2 1 3
point 1090652544356449 2 1 3
point 298432404233109 2 1 3
point 1019574525701345 2 1 3
point 921535355619373 2 1 3
point 309117260234416 2 1 3
point 1121318384318336 2 1 3
point 998477380194080 2 1 3
point 48836118768610 2 1 3
point 941086967043265 2 1 3
point 577241313491581 2 1 3
point 867692276877215 2 1 3
point 725922729700073 2 1 3
point 273731060486583 2 1 3
point 710403485878293 2 1 3
point 669325324851126 2 1 3
point 805786606711592 2 1 3
point 371548899026515 2 1 3
point 975341748043805 2 1 3
point 916098361453804 2 1 3
point 1019982680878681 2 1 3
point 271352093956673 2 1 3
point 187241690009700 2 1 3
point 70335764525246 2 1 3
point 559299041810855 2 1 3
point 1099811204981601 2 1 3
point 1050282946535405 2 1 3
point 397474670972762 2 1 3
point 748051687832418 2 1 3
point 917666831076134 2 1 3
point 543003786223133 2 1 3
point 309565884424542 2 1 3
point 1094389311127621 2 1 3
point 740176787455612 2 1 3
point 756641170058490 2 1 3
point 600546170813782 2 1 3
point 125803553781318 2 1 3
point 20986082072886 2 1 3
point 514428909532947 2 1 3
point 433458041458333 2 1 3
point 479648799096003 2 1 3
point 525694211930747 2 1 3
point 728409642147871 2 1 3
point 250573736485241 2 1 3
point 842504035470873 2 1 3
point 507436680559884 2 1 3
point 858763770313629 2 1 3
point 903809471508361 2 1 3
point 117926216729558 2 1 3
point 1037100468148988 2 1 3
point 725447233303159 2 1 3
point 2829549301079 2 1 3
point 894692465462125 2 1 3
