TII_HOLDOUT_V1
instance_id 4b03baf5c1eb529eb3daaaf1e40cae916be04fa00504015e52f315c15cb9c5ff
k 35
degree 5
minimum 210
heldout_original 0
heldout_mask 2967760381
points 91
1 10778507485 4
2 5169691277 4
3 11997734985 4
4 11243048470 4
5 9727064069 4
6 14037123952 4
7 10133849870 4
8 30116721473 4
9 23847678807 4
10 5332575882 4
11 9101316380 4
12 32676470549 4
13 17166180411 4
14 33803196244 4
15 3732300368 4
16 29916821010 4
17 11610756742 4
18 21531472956 4
19 27334895975 4
20 3553053327 4
21 21233779660 4
22 1665474926 4
23 32486916621 4
24 20008077722 4
25 26054609868 4
26 31281974683 4
27 3918764688 4
28 22540563382 4
29 16040760537 4
30 26999582684 4
31 909058189 4
32 3773013254 4
33 13853739285 4
34 17119458403 4
35 26646697059 4
36 21141332976 4
37 8686267155 4
38 6050266744 4
39 15214136244 4
40 21965723701 4
41 34241755976 4
42 18705030381 4
43 18142932851 4
44 21759815299 4
45 15943915538 4
46 9528735480 4
47 26920080421 4
48 25495437043 4
49 29300543948 4
50 30170330218 4
51 5808259491 4
52 27843807959 4
53 14997866810 4
54 12172233215 4
55 24132420721 4
61 1 4
62 2 4
63 4 4
64 8 4
65 16 4
66 32 4
67 64 4
68 128 4
69 256 4
70 512 4
71 1024 4
72 2048 4
73 4096 4
74 8192 4
75 16384 4
76 32768 4
77 65536 4
78 131072 4
79 262144 4
80 524288 4
81 1048576 4
82 2097152 4
83 4194304 4
84 8388608 4
85 16777216 4
86 33554432 4
87 67108864 4
88 134217728 4
89 268435456 4
90 536870912 4
91 1073741824 4
92 2147483648 4
93 4294967296 4
94 8589934592 4
95 17179869184 4
-1 6212682838 4
